0.3746198137822363
0.4733842353128091
0.6189747589859129
0.48103243124504264
0.38287792738465826
0.5120833928057805
0.35148341513673204
0.2726464953190306
0.41530624129335814
0.27318613892544286
0.6449314017735557
0.5300374847780078
0.5258082012556488
0.5105519347405764
0.3903411763166642
0.6040799263555973
0.3197633933334637
0.4524140859628298
0.3526741776671219
0.3754626094696416
0.5424282043983731
0.5172155203090392
0.20851539597075316
0.6804486128759715
0.5522418575531747
0.5350982146224126
0.5064295807176636
0.35243023217171204
0.6094565199929212
0.5232314802503102
0.331301606765805
0.5307220715573696
0.4305230335207534
0.4684751666668151
0.42426146041679763
0.4013724420077579
0.5432359429219082
0.5010443603406141
0.823240910407421
0.5225183601694245
0.5472722068975657
0.47334708938371967
0.34311368620292915
0.4531398625914119
0.44878069876752985
0.5989909284465051
0.4432480669705697
0.4262120455604899
0.7721252711520322
0.6554243271287361
0.3662652012311428
0.2580222279905148
0.5283431394404053
0.6404420065831994
0.6202458723993416
0.4675043966165256
0.6480596183952682
0.48955272182870596
0.5610962605909479
0.2873418337717475
0.7888643899597811
0.5709862709207367
0.3466164429699097
0.36861075873395077
0.5489751459205602
0.4335953922246412
0.489873561499921
0.4460223359658595
0.5524866294483276
0.5273104349004119
0.5707585756927359
0.5682064560978877
0.5072142084402399
0.5503714898360352
0.5278908873445949
0.32127596491603827
0.36812967402455965
0.2893840838537124
0.4021325250033728
0.6047513340612308
0.8390832489342545
0.5063073904713127
0.23279298239898405
0.2636448784395027
0.3070215093766101
0.19056130410836103
0.5194157110992763
0.37783164646948686
0.5109430566771879
0.48874773093768753
0.742340660401364
0.7084330739390885
0.5375135112526115
0.469263364952874
0.7001411449492818
0.48446289235427514
0.4829923780044776
0.3155506524545933
0.7271617807903955
0.5641077155367233
0.4625937179059286
0.4469732994514548
0.7351249723478979
0.4069459252966654
0.3389079865166882
0.4418747756247937
0.5706053331849852
0.5296952583075543
0.4564666248487069
0.36707836080625916
0.8447880238754844
0.49283730520694663
0.3171279164040137
0.50876481080313
0.40886888598659565
0.27745716306947565
0.46740664741398497
0.2612357596439395
0.4619120768329036
0.39920795710755047
0.6965761989534328
0.34261971740231545
0.4005080274754622
0.46183296983524413
0.48052728389612276
0.4708795774683745
0.7246740103505962
0.45671110883131427
0.5925235315350619
0.9450097738000477
0.3317563583308379
0.42924123176580786
0.6444858422193044
0.4784716865662062
0.6010976849882874
0.5929389281391282
0.4427256511966477
0.7281592578306878
0.56101122661136
0.4410638863717186
0.5397253763015457
0.5978151413433542
0.3730747452691837
0.6720667958039497
0.7180318569682145
0.5319524985851731
0.6445341861030383
0.3988288088247922
0.3690843946671373
0.34219554452916345
0.7070900143019105
0.6620405319289945
0.36158548562156995
0.4292424941074857
0.4902805655453157
0.35755352946297286
0.38122392749847067
0.24013166222823829
0.5797697879581336
0.44631151202388425
0.47286267257804593
0.6076249578665756
0.4466381202350095
0.44531474170874374
0.4594760219855967
0.4384731890013934
0.5256175366400697
0.5706585915819785
0.46796226132515506
0.40246809998299676
0.5794997891752458
0.4667128108398113
0.48585499863921666
0.4947733878704031
0.19786447435435217
0.3574858379539821
0.38078130652475617
0.37611763392174247
0.46751474306163865
0.685553482485981
0.4755674940166688
0.29096250038887345
0.38845880601307325
0.6073368355212378
0.42297547854832945
0.37480323352847894
0.2872781668690542
0.8643039061368449
0.42632742420462433
0.6142956354853473
0.42007002534922766
0.4617252107332983
0.7955711407559314
0.7129388934902268
0.3977648744134145
0.4163989121239061
0.49117605183357094
0.8925943470916503
0.22145593169548072
0.4926258832172463
0.7365493274566691
0.45733887908420245
0.7164778541987171
0.30742636636336135
0.5295045562361507
0.3136432145056804
0.26658726127814153
0.6205751736004038
0.9164816628139508
0.5978710057940386
0.42065474161741206
0.5105965280842807
0.5721884185128259
0.3160733772665768
0.34141972396495335
0.560125479743023
0.5702695212696257
0.554256302755689
0.6767358400862148
0.40115865440982684
0.4013036820815822
0.8292968805367708
0.19131808660495797
0.4186287075474615
0.44203771184383855
0.3202127918671588
0.3512156577811438
0.3433719487749978
0.7369610060607684
0.33409394959797467
0.4981297841712477
0.5015614646321782
0.5345312213375094
0.706633061005057
0.41198513235983447
0.7022078895621169
0.4774850893709329
0.7334777141588804
0.5296038623094338
0.36728302129794566
0.514048522647566
0.7887259626202685
0.6193933052111544
0.5329354013414651
0.4686921413129277
0.5156661930933374
0.3693651849687363
0.5153058727162534
0.5564952617083869
0.5211694496151998
0.5764893028840619
0.5692420380463474
0.4792510567782703
0.36395637129137515
0.3395369618941181
0.2877132521090787
0.72996604824507
0.3836624911592821
0.18257424123326244
0.3046859443742345
0.442883519368068
0.5076904686052376
0.3277745474715928
0.7026436857162064
0.47274834760041134
0.44248080590022176
0.5506073575836227
0.5123101892714044
0.5456139483068728
0.42548344075896544
0.6128622583363894
0.5291705717000235
0.3401589078487721
0.5618017037053443
0.5052926052217164
0.3916148359120476
0.5057676882619931
0.3894913537063138
0.4962591011618582
0.6885906181273551
0.5574073267366093
0.3863512931692152
0.3936060163454952
0.45529776434413927
0.7615278803214893
0.33982034145704954
0.48548981032835115
0.35327398177590513
0.5237105746011764
0.5225747613133136
0.4898179602598911
0.6239978162650073
0.3765189062538191
0.49165732940488815
0.4677490972513426
0.2833698285317928
0.5841622518757874
0.5565297124052957
0.41423966173220367
0.4384652860486117
0.42959262723614
0.6492278081303531
0.4956807836340197
0.5978174878930111
0.4463990990401606
0.544998368507986
0.3503333115816252
0.44195058670822307
0.8849544403722838
0.46259067813147314
0.4150373579296889
0.4767147805822689
0.5233814799935375
0.5545346281160459
0.6264574873765891
0.40904818831612
0.29867819184248523
0.6348029665241834
0.4294440964519463
0.8180086278850205
0.5967903499942335
0.8419061428760792
0.6860587864069143
0.6581811923181891
0.5662071573744726
0.5946022783371221
0.40085676617591753
0.6654430989104831
0.4931052767186962
0.3447060793219029
0.5092993753920319
0.35273874592132026
0.5914401190996754
0.5611743474978519
0.38748534344720803
0.5935544483014403
0.5098235390027249
0.4277032488398256
0.5932448444091063
0.39700688596695033
0.5565082233861463
0.906300387897367
0.6422198753834925
0.4882527082278043
0.40935919716602387
0.27436379280206974
0.3303438279745087
0.3031561990840357
0.4949875398989997
0.5730192748114047
0.5247350147352063
0.7621112385507709
0.22020658604535448
0.3114112411828105
0.6953659227151465
0.5837619569125232
0.2848128193748861
0.7467443915875991
0.6671254235739842
0.8438698002645837
0.3851993108315567
0.8413315319541993
0.3965322113097471
0.45470258254673157
0.28938255355555165
0.4613116519831413
0.40981139252646404
0.5735902813560623
0.452467223268291
0.38120222157105343
0.6171598194371022
0.13880065428795535
0.5355216927716153
0.7245398293924951
0.5229816282429771
0.6218431758183469
0.481497860899647
0.33499932909230434
0.48369852205453207
0.7220234483721312
0.39700298984095167
0.46150490418760093
0.4755817070926622
0.3213992480954155
0.4992404788593862
0.5893563739238925
0.5058558637353394
0.5943313170179392
0.643760384362999
0.49699607797259515
0.3886004407733532
0.6346291482783939
0.3994995646887607
0.6321180093956296
0.43843008118480997
0.5206013851475644
0.5034416838542959
0.3475428877092306
0.5791055623188786
0.41855597728153504
0.2320137569171386
0.38361507287035873
0.43277320744618375
0.40876778101731104
0.5949186623867977
0.6877298809092575
0.508491302037979
0.5093145094330789
0.45597136257464654
0.5861718785419079
0.5640294731702351
0.3459190639383759
0.236236914418967
0.6389575453337206
0.47135756212665936
0.18885935959393782
0.4042759789285941
0.6797029062098728
0.5759679934907838
0.6898361311036696
0.2707332364966888
0.4461268139098351
0.43694720529184794
0.4368460293299557
0.40283744543166417
0.5818149101934053
0.47947794996387216
0.5526221368734754
0.26147428099310444
0.5791848966686404
0.5452057586910352
0.5421471099568098
0.47646602395070303
0.47559960212972596
0.4779416151406986
0.5591023264815688
0.4760756031764254
0.48961440429137737
0.549056123313995
0.36871847254114376
0.5421828525131182
0.7567129107929618
0.40970100739595017
0.38198274909700447
0.5250724334552692
0.6561942008910665
0.6237767907556765
0.5995522702008558
0.3011826330864992
0.5034554072018993
0.5159645319543584
0.36928027861463497
0.5042340966293803
0.6448827087904805
0.43911941819052125
0.32111745526983626
0.5023610888583696
0.6476123188389193
0.2978699990071345
0.5759978589274106
0.6280068111396699
0.7265727471181965
0.7156003877229475
0.544669431920324
0.6431210457758253
0.15874673483573035
0.49218651039908146
0.4577898868010161
0.3670953008249919
0.42905388251947385
0.44640018420104777
0.7274258980759012
0.7262543425788094
0.5143690292859175
0.5133012215935251
0.5703366464490154
0.7703242769111711
0.4288112125531796
0.3020614302828483
0.8130310718316698
0.7373267215773971
0.5641134226368476
0.43715519015372445
0.29816645535498587
0.5941802261852629
0.5084205211417264
0.5038190930911282
0.504255935239716
0.2667902996982934
0.244950552669473
0.5656514674734494
0.508655692184468
0.5993372771785777
0.41163731863287967
0.8812739566308168
1.0590277131362988
0.4459254822949808
0.39069105331791176
0.4529386490196089
0.3851278060928647
0.4706510960521643
0.46497851053290984
0.47080759279340567
0.5169217807158641
0.714346125794926
0.46776452393851525
0.3101562454236075
0.33577938909044214
0.5117877487471796
0.5730510502320669
0.2901123723694147
0.5057711202455599
0.9304580214517784
0.5875139843858541
0.556195724650071
0.32404321275926706
0.23693239112950473
0.516972358226472
0.5391741705598012
0.460906382632808
0.5427609350820154
0.2586832798606886
0.27826915836979565
0.4988543609817908
0.6378718786621274
0.5170350533277246
0.5190008234430415
0.5022191786671445
0.36912851541477815
0.4936581252348536
0.48371187795046594
0.5769372780995946
0.6376036204567672
0.6199446744056969
0.47973435125469066
0.5109911893688405
0.29540513511468824
0.53547173670301
0.6270324239269836
0.5972894045131416
0.5259723726994584
0.5704067850336142
0.6323658282467466
0.48205116558859307
0.5537437626242169
0.5007998329602328
0.41399282161885365
0.6253264350500646
0.37131116379533946
0.41861084379001073
0.6419474940192238
0.4881839714679773
0.32276477925867714
0.4797822039748222
0.304271007857355
0.4851143914127283
0.53629906169521
0.5402667185299159
0.46711352967975805
0.3507580242306727
0.546257806778178
0.31378022832903
0.456045506931898
0.2996643317610065
0.8236677521584523
0.7243713460838028
0.42217279069121694
0.6978556705096317
0.34655698906412363
0.5651317261279815
0.38751679477161116
0.2880977387601354
0.5162042135426925
0.4512248882219937
0.7407243531505363
0.6314855953024663
0.5577889012405606
0.749990973899932
0.29911222543158555
0.35718899274379723
0.6515325099905505
0.5297780505586016
0.553914008909604
0.35697100847498264
0.6161632039347464
0.36919665391860684
0.5971367470426767
0.6142413423174566
0.3771708968010973
0.4888245359087864
0.39137977479675007
0.706798107929961
0.5573190412516931
0.5943139466595284
0.32099137413557577
0.6255132467556748
0.7650729044460616
0.5352810689993899
0.34031502802606506
0.4655196157252083
0.5474884833170147
0.5551720659370596
0.34611251566186385
0.5398649176295988
0.4014859832447073
0.4554448218672679
0.47215363247640013
0.616545239486445
0.5249430343870548
0.6846179532745292
0.3808191320225553
0.4347541081373588
0.49474438885468586
0.6001356908879087
0.5496395048039769
0.9124912691991636
0.4027849108017121
0.33869761774840307
0.5242882938839782
0.5565611558426447
0.5037627599959021
0.5508683064492919
0.7138526093580966
0.2686149650953852
0.2741318239301297
0.34171870249150027
0.46103286075263294
0.5967724644545993
0.6866022302068312
0.4429939272525663
0.43822974427528466
0.616150013809199
0.32906789179505597
0.814832601499395
0.4257311774892747
0.27983397508653096
0.27991291952294406
0.5427062555287845
0.21389744857766196
0.3151736810396203
0.6320105416125367
0.623742108027632
0.6906441285893237
0.7130541299057922
0.49783098450823765
0.7108787066228353
0.4736213776721787
0.3670458399979334
0.407613442330843
0.42915749913737344
0.42031014067015493
0.5548271589206032
0.5912417240285819
0.5051114294397108
0.5797024732492678
0.4823986952119532
0.5372031034629204
0.4889493723522182
0.3003533119412639
0.6657681935692903
0.4225653469059544
0.31127429852275396
0.548835368986389
0.3227178692566277
0.4697151780999691
0.5458871929579348
0.21678829476530675
0.154527192098409
0.30923225916867336
0.43388665719923747
0.41654283971904366
0.784696267502005
0.38281816620671283
0.596089493793778
0.6157031416280113
0.9935198404803662
0.3856688374760727
0.4679679951829037
0.6424330351536109
0.42016484400578746
0.6238025709480695
0.5281883569072976
0.34931659261259196
0.8094814886549293
0.5860483670486448
0.4341976446422716
0.3564167513190885
0.34158748654191184
0.5733474368435223
0.46207897269276527
0.6010383759820332
0.525877196180004
0.5798831780190099
0.20897534685068164
0.6251745426193782
0.29276083012176285
0.5798587754079476
0.4736959478596025
0.36144105791921105
0.5270874218617286
0.8206612026344808
0.5743504086273217
0.37829518011448404
0.14894178680202372
0.7983937912276129
0.6706034444829284
0.39904843519318356
0.5898886297931787
0.56266224771449
0.46725103740407314
0.7236163190355357
0.3399272347269689
0.3776104958982237
0.30653133040783365
0.7185332564708405
0.5812419748567067
0.45498803311207225
0.7341257075423605
0.5383918996511161
0.7060066823436804
0.5748453859487308
0.4539741467408237
0.29624519708182995
0.4652345594807241
0.5605075381582382
0.4930331148815506
0.4565296322951186
0.5483761606408355
0.47112043789350594
0.5419676954456496
0.6579155092969505
0.3916597023029516
0.561267727463572
0.48225421126647516
0.32354525357176606
0.35098021164257837
0.3117031695840289
0.5119632437160239
0.4194212205695759
0.16236547461806555
0.3414949417945181
0.45461291117267955
0.37856014056357395
0.8230638567962671
0.41524892507100486
0.44065556847530357
0.2120170648521456
0.3646303905754663
0.6930953471845722
0.44866780852115645
0.3731404814967186
0.26746756899239094
0.5631215486186147
1.042485190472396
0.5858432173359747
0.6512409464302553
0.2827858524420316
0.3565070097872027
0.27125684974911257
0.5103619567337438
0.78158620258892
0.46317997712458936
0.3943103250648584
0.31233442250573096
0.4630922338883362
0.6710421074673023
0.20955923049546382
0.661515785424708
0.6199982044921033
0.46113394994615603
0.20940942567559012
0.5976844734212783
0.571877591501978
0.6665772444127495
0.3140015192262255
0.18544934408094446
0.27537478372028473
0.30430905658734253
0.6837684263974657
0.4244065747323823
0.44610951957962003
0.5166285678272526
0.5814753307971077
0.4035572342772944
0.5133966101422067
0.2343236065480534
0.620822368124068
0.36145040527805744
0.36934936679203334
0.4684372641153416
0.7141934585925602
0.5722657793022327
0.4863162434652607
0.3284585324356617
0.6458095903645924
0.39545311144343037
0.5680502129627822
0.6962209857635123
0.7103429605708642
0.43223715111931627
0.5611048636018026
0.3292584930731627
0.5888432548206306
0.6978893261268191
0.3346905658982385
0.6445282901415937
0.7350746217559496
0.6250257889262731
0.5425169729392343
0.584273314442689
0.44188500038670203
0.3104581142926326
0.5789620096554331
0.4674568208300449
0.4577900721035106
0.4492354258366318
0.8171189085426733
0.6707723201626888
0.32881061572669673
0.5705185460164657
0.27315331107770613
0.38847734480608337
0.5737831557108339
0.6078022048101506
0.6881729563143648
0.5129850440813035
0.4027254922711345
0.7409286504593551
0.6365633445045051
0.4626857572198304
0.6382610574576205
0.7293080568752965
0.4801471325810065
0.2990614294180032
0.40961701944338585
0.7335566058881515
0.25686976229671077
0.5101675553757591
0.5939831917077589
0.3475091624194785
0.3010913185373352
0.44634888992687477
0.4930352768490628
0.5644203421881944
0.3817393506650161
0.3386752314007773
0.542221939620267
0.6178214410461118
0.4891808513739281
0.3725251878220985
0.380498740624311
0.5459087998038576
0.6003674552760474
0.7422271630206225
0.3860519850258829
0.4277093437162981
0.4149675128167257
0.5769871059531249
0.5558278728349397
0.3914529246350442
0.5435421243410745
0.47745978205216105
0.5550269826354248
0.560361140142583
0.5775560694120512
0.37535161930312655
0.2459368862673799
0.4409293339894259
0.2827806844730365
0.30058654437420973
0.44437828434431487
0.5392331147154947
0.6305074522850911
0.4944005161919697
0.6091111827584466
0.38031955499334175
0.30183088521754203
0.4875678330110888
0.3676741587367494
0.5915739674522915
0.6581073488363148
0.5131463567883299
0.48917667779756224
0.5334046873663674
0.2865892887989143
0.7220000743605934
0.30257874006758534
0.6588822422226801
0.7844220701118947
0.8613339591268574
0.3739442161587471
0.33431084309051523
0.5327361834364166
0.34136917571332615
0.571965460739349
0.46256202356978166
0.6013748532854999
0.6200742659296465
0.19280896746257226
0.35148277260507
0.5184019395171062
0.3625251566529698
0.7674823323274083
0.3416520917243243
0.44673315777324374
0.35856807132233715
0.3676460381616631
0.5995254626626252
0.43896668883623136
0.5102499715494988
0.5500792426192909
0.2779427314567588
0.4340291662185737
0.653620330814747
0.3348732224362571
0.5859815203340936
0.583180576613489
0.4467843146750631
0.4918395574920874
0.49791357812642567
0.9992832091569286
0.46251290476167545
0.2383090881150038
0.4419446039690349
0.6009613287745132
0.42055485261971115
0.5335755095513646
0.4285709330001737
0.5704529051959799
0.33520435434672236
0.7635987833020594
0.7199206147591594
0.42912951168518454
0.48940537044615967
0.4118974346827278
0.38652280668552597
0.49778332519090035
0.5284903768915723
0.5711023295102047
0.609242274942195
0.32481697670166465
0.28430542196790975
0.4786043220916711
0.4156386504741801
0.46560657324013666
0.4409350347025264
0.6933201149459175
0.5239236342801518
0.6138726711148463
0.33107868033613536
0.31749260108035565
0.44956504989726453
0.7888641421637346
0.6145998731865129
0.4222155048419787
0.6618695225548161
0.44387865801478155
0.2266370390423459
0.7650262774912353
0.7250248975887388
0.4635054584614608
0.31798956414594826
0.7367079287784841
0.38490318132376156
0.38960529863224264
0.9074252487811861
0.36886914722853
0.4378191680937695
0.4739017386847852
0.4979398649329
0.8393051276334739
0.3544074086516694
0.45826703870953606
0.5293725419988571
0.47538908857528295
0.48006142865158313
0.7479007652330265
0.7257275281586821
0.2933713832181062
0.30889059139532804
0.7398189511104195
0.18930483776602575
0.7944605145359931
0.5127121558212342
0.5503390548872249
0.5573114347059378
0.4691262784264561
0.5041238891630533
0.3438435544508213
0.34487736979006256
0.4040820904627515
0.6774528640750641
0.4557364723323843
0.5151301005928146
0.5568521445560366
0.47698354602633736
0.48568760902160657
0.4438731517535477
0.4697962018535963
0.6701387499584397
0.49289325712711457
0.7490910098426141
0.5496345765353305
0.6723961804550378
0.4097133110111306
0.37558156254230907
0.41497146462572565
0.6773418654076948
0.5799246504442357
0.3948609334683699
0.45578506389867246
0.4353690685827983
0.38101626455841503
0.22682802574263805
0.19687520891136698
0.6062868332559292
0.6181454803829263
0.5905477453570434
0.7060501334666427
0.5050542557754452
0.3054602757557953
0.6759232472411787
0.4989643834211186
0.5564119938091794
0.34320670983345325
0.36305341755816767
0.7521000699813589
0.5516697524837508
0.5026281156178183
0.2724735756973105
0.4047830565499616
0.5647770969930284
0.5373498827009233
0.5863771917762646
0.6119778066253811
0.23599514194108312
0.6203857689214826
0.41690285543789035
0.5815858109946973
0.3740460658109567
0.5254231754804778
0.5157538139240634
0.36526957301669305
0.41861322777132276
0.46656402139535147
0.5710212904569867
0.35905900004515856
0.5782223317685415
0.15768232127309317
0.6480326027566115
0.37807730321567345
0.32108264240171774
0.2173883314413942
0.5774193963954253
0.6537194478237457
0.295035283444392
0.29694114003396177
0.4328276843102441
0.07805111005583748
0.49134416887407023
0.429139502602089
0.49472599162455444
0.6870678724634418
0.7114493073045682
0.5862014404822156
0.6252053058301741
0.579704158080665
0.5863760102786659
0.5786759786535582
0.3552777049610407
0.18870970048764046
0.8181541108543211
0.8589189586954501
0.3727153332121409
0.600616307804186
0.6115895781871575
0.4863566806601898
0.619472312014665
0.37828712479116444
0.5454095407313208
0.4373367924651667
0.6164605621839959
0.401370541606191
0.5893772019674334
0.35964261449576806
0.5412548333761649
0.7356368682118352
0.48262080355260456
0.804493454007549
0.64120734421806
0.3753515770218027
0.6502660827113207
0.5072199605926421
0.4993927901695941
0.6346082586549325
0.3433973887319368
0.33807403312444534
0.4701303823505367
0.7027079716374376
0.3894836045793162
0.5292821811720785
0.5683099924206079
0.24703210875860188
0.4038613157579345
0.660191097729184
0.3448859012970638
0.35032058310757297
0.45797888782516943
0.38439752105650704
0.7698526755288382
0.6511584729508962
0.42961399323479804
0.7136505283266523
0.5010849376618061
0.4838543998887699
0.823070871836156
0.5422284200479358
0.5715660353165974
0.4493454035394674
0.49623813049201415
0.30102660068813936
0.32834504258671304
0.3809264050211484
0.46380972292263484
0.39963733170748306
0.4979213518056498
0.6660164166589887
0.47168080065945084
0.4503790282981397
0.6226366424345714
0.3971265576460183
0.43573210496247455
0.6392882205655794
0.6370769748639913
1.0182064340773676
0.26882952742506366
0.48636689678681033
0.23276639725559364
0.4767641026766978
0.37458385169099606
0.6036239545597109
0.4775131030540388
0.6555078851241382
0.36009269410958133
0.5639923161337634
0.3410227419594102
0.5703651491427356
0.4822605809627168
0.5559604295186606
0.3656468851819001
0.41653510315290815
0.5610900834325597
0.35198333187573105
0.45449036386427666
0.4465859976012472
0.4756834674278848
0.3488626201393729
0.5582492946821608
0.2641033979217029
0.4333707818510619
0.6910773490287119
0.3433816611834697
0.34037763866780474
0.7242789805931802
0.40780148840299707
0.4650136240213245
