0.4130097472305813
0.4563716556656333
0.5675082322529703
0.5463342542719513
0.4409212081452474
0.48584016301452726
0.373493268955308
0.30292460443368746
0.4761684051609921
0.2441894016715923
0.5086175608683987
0.6407985393599072
0.5502777329868566
0.44414558747700494
0.4137538344960868
0.5892556636038081
0.28990095601599525
0.4754472718271159
0.41660651948902117
0.42627317001679355
0.5385327031232134
0.47135604902554684
0.3421669928671405
0.6273670462058907
0.4083735080680854
0.45984583656071887
0.3676616402399433
0.4304458543370555
0.49611997678851255
0.4939186606098177
0.3239478538424589
0.5739369419664537
0.3249098725263603
0.3397462477125891
0.43865399451714493
0.40721880946142147
0.5052980336081362
0.5167314866328965
0.6642362466796561
0.5356234594957092
0.5467243683160646
0.5027529823346204
0.4626621079620957
0.5117042087130423
0.4583069822637367
0.5748513064757549
0.4704464077538961
0.36625982009154784
0.7058932259169439
0.5721340302867202
0.44088535262169126
0.30154228155584467
0.3832787573423846
0.6416733280601326
0.5813317096016407
0.4004850492814539
0.6522357285741215
0.5851938462249033
0.6594163974553033
0.3044627467538631
0.8550279450706217
0.6222551877345422
0.40077527499561383
0.4286241215221245
0.5198826717799976
0.4523772795697013
0.4500898607741635
0.4495336615194373
0.5788683817583267
0.6538023694828848
0.5279351445352602
0.5351296269151098
0.5331620961097591
0.49706989464101803
0.43964672064074783
0.40660214276783335
0.40032386656000535
0.2798290041680418
0.4287989831707285
0.6125866304426968
0.8480573599710488
0.4985540080357618
0.24514089057521665
0.4042317167482872
0.34205809393336667
0.19514740229870234
0.4259273575722299
0.31867275766360476
0.44572083141084634
0.5539423207523386
0.7964094686509169
0.5896181960674378
0.5156987921851814
0.4630426400569523
0.7024027618499247
0.5012280801792014
0.47361486814274145
0.31832918782210473
0.6829628379881246
0.4814730617541116
0.45704104314917904
0.46833226729845423
0.6590332643220604
0.4304207026847109
0.3206121987146709
0.39091957775541075
0.5946811570924663
0.48256144317697813
0.46970359340284507
0.3774654945071862
0.912301567184418
0.44941702364566816
0.20629165951809614
0.5258945636884897
0.3419008750455623
0.3565480336564925
0.3812216296384989
0.2781878746406003
0.43738013103954715
0.4718900130205443
0.6589144624085146
0.3098203617980691
0.329519292452579
0.5038007912126594
0.45507291336657085
0.4286044109206828
0.6195093003364014
0.4439626355356248
0.6231366162477927
0.9537460097104353
0.3841217405425066
0.37007348798582157
0.6269498665579845
0.4645714451357651
0.5436651084313592
0.508435142797566
0.46671753856343096
0.8906291307452443
0.6330410689042605
0.5041041688493044
0.28314658555969374
0.5538013038158179
0.36241905029694216
0.7180216662121015
0.6659592271081525
0.5131235305452835
0.5868638199390173
0.4435672973091434
0.32395351498265085
0.2899623453002425
0.6868318205377428
0.5747514151196158
0.4580187654562821
0.44081704949075456
0.42751512362305005
0.468892184948825
0.35637734561125184
0.20978555936627113
0.5393491922091596
0.42026813091771836
0.44684493443276246
0.5026634260066498
0.3669394098985418
0.45923577961322837
0.3468214061409641
0.39583630503388684
0.6488225233480234
0.4614002353621713
0.5154596156046012
0.4023629877515669
0.5121989879607678
0.5194860345780519
0.48458244377874343
0.4673767287687015
0.3735008243187312
0.3673680725003969
0.3891960260488879
0.2857494924038827
0.5258204400109949
0.6882002855532494
0.5040618032791369
0.3217375745088466
0.3586833366116723
0.5740664258251876
0.5108392026049167
0.3096149134882893
0.3190066726612769
0.8630721085442186
0.4386274913083891
0.5996620858712813
0.4013934863621175
0.43304872109767695
0.7226570653255247
0.6608919136114706
0.47610252111410106
0.28678612854113783
0.4612819387461002
0.8311615676091226
0.3074976251244603
0.48911970812548894
0.6409550910431547
0.37748484138706045
0.6327909861847383
0.3946151677021199
0.4956158384785311
0.404956564780864
0.2552713452440361
0.6108606763039588
0.9033779081494258
0.6790096294182557
0.38652460724122945
0.47260043656821454
0.5953198243858135
0.3519824127881506
0.482253010524541
0.6182980112170138
0.5362450497479357
0.6012055552192324
0.6164803567032036
0.3756929952989792
0.36133535043128806
0.7286198731064786
0.29671870655247856
0.3866634576674604
0.48072231396931725
0.3563204130638989
0.43886468910243465
0.4135634771428615
0.6834515329687734
0.3792034208506177
0.5241051040540154
0.4840218712425283
0.44887277355838956
0.7357143921860789
0.49054869981442795
0.6339911836619404
0.3685087652587538
0.7599670454738341
0.519977773465491
0.5169909060041966
0.4452308601421149
0.8941043769487571
0.6764418783687414
0.5941714999204758
0.48324512853570517
0.5049516427543184
0.3192293050811784
0.5919530374368577
0.5303640370566167
0.5436734453054501
0.5642329584839895
0.5560637401232333
0.6042834333577706
0.32121645742040833
0.4439896806112107
0.20641650657973776
0.795720654898694
0.36744277306925954
0.1521017026979219
0.22579404870191358
0.5068259302762288
0.41974076226269036
0.3447732338137681
0.6309658579851818
0.5587003570398917
0.4155350680198705
0.5424845011152866
0.5360544167710883
0.4903911648141782
0.44419774364150855
0.5764585650252023
0.44139896464881856
0.378023029767112
0.5502588638286698
0.608114024350835
0.43582181906478135
0.4689893574282862
0.3890613040232108
0.47487963683666434
0.5802008388168681
0.49908548052836166
0.367449033258502
0.43347131097879454
0.5063799787074647
0.797338956510843
0.3015234485193968
0.4338943238262096
0.36366538175507285
0.45232696778149384
0.4777863062811605
0.5851429380977781
0.5953171491556635
0.4161330093705663
0.44878510564525953
0.435258556274133
0.3838816894749594
0.5710720643285706
0.5781999763546851
0.37295980378067756
0.45236629951326046
0.3577930130601719
0.658768658595375
0.48137039210021404
0.5949218163054965
0.43531553184068705
0.5960621561178717
0.33912980851936214
0.4124665937996075
0.8015787237947852
0.5185035189025256
0.3792354153380225
0.49520186316696047
0.5555628986977215
0.5092630531184956
0.7204184524162832
0.3406072252268302
0.31109446049377376
0.610600526139731
0.42943055664243435
0.8227042390329193
0.5788496736735768
0.7589464635106714
0.6928612325451042
0.6272215874752292
0.5414128096477689
0.5874583507831712
0.451677527249978
0.7041831225717321
0.4681298337321431
0.3605158782964464
0.5360583149634839
0.3590473732428443
0.5862626729565937
0.5162770975961052
0.3491430607728683
0.5278802328144949
0.5110642210526115
0.3800046507623991
0.5601009577767395
0.42482871635472774
0.4779720645476791
0.9553100599435087
0.6255193292298271
0.44326441018612384
0.35881805793407945
0.3541142414449991
0.3251879841357611
0.37157642988702916
0.5036197736357174
0.6013718451692005
0.5474304144254616
0.8053544930098447
0.18446632395672613
0.34944954596288474
0.545687551851109
0.5787119690103644
0.4611533268198368
0.7673986058150053
0.6578989617225975
0.706255197123818
0.5053864568533646
0.786232904235107
0.4407576006188981
0.5906383592995175
0.36359940494413506
0.4084736749483694
0.36099416462995454
0.47244018336268484
0.4280619052792849
0.5367771030492159
0.6170599632503996
0.28841152600698444
0.4642922800004671
0.7274974450346151
0.47525016769156153
0.5941053803480566
0.528956797810061
0.4454526756455268
0.5142157402798404
0.7526728550184572
0.3297517050996156
0.440524900142969
0.509420862760317
0.38271373922034546
0.4838873283848195
0.5749367556272698
0.5972359721230419
0.5237915910431143
0.5404093402055697
0.44912250438944656
0.3220919188557306
0.575000907244626
0.3845602337843079
0.604798664794736
0.4166628734645659
0.5309615171681145
0.459665485649642
0.3847855325040702
0.5423210923677974
0.3293992531987106
0.16667945203029363
0.4343275113438261
0.6116374278963307
0.3877644988190617
0.5742224991902272
0.6144861094763613
0.4163839274782406
0.5168611857796206
0.47061385902337466
0.6476674633803736
0.5529200791691427
0.3319741496535118
0.3483198561048173
0.7110811295350173
0.4668759521255013
0.3050838766134885
0.3939623341145344
0.6181437218677809
0.5596854043566908
0.6362104108678616
0.2768941840604271
0.4372856773150711
0.4461203379193802
0.4790387537115228
0.4572181505216536
0.3334607078173769
0.5466357566150715
0.5570517669158029
0.2789837639505628
0.4802486173757679
0.4491661024299629
0.5141306129533872
0.5326365517902782
0.4252149345846771
0.532689937107049
0.5622912910245157
0.46237588747024166
0.4723752471104723
0.6156894053265088
0.3633892783065993
0.4698738581681545
0.7088621328889915
0.39890082939655874
0.3875755212120354
0.5129049624424268
0.5653578288749233
0.6800796439863741
0.5333979543672721
0.3216683251842871
0.4607331022794756
0.4420547785519189
0.5142364569580975
0.5817551115711656
0.5563676743567866
0.3873620511798816
0.26428905427841276
0.48759058136330674
0.6183040613815804
0.4005743033675886
0.5358425756415939
0.3412544637322167
0.7283427054274445
0.7257228873693322
0.5942706523526131
0.6706244858410255
0.19161379960416447
0.5117195977688682
0.43845032947655255
0.4260528575382444
0.5119925276158276
0.48640910476377586
0.6914864719834546
0.6317911733891657
0.5601746538242889
0.5793006449510785
0.4986917186940976
0.7106615633049042
0.44284067924982556
0.33114222202083
0.8195937391764844
0.6953837698144488
0.6405880098397607
0.43616339275513927
0.22756714448128096
0.5883157818567155
0.546551377076465
0.43668963252182824
0.43983140310311286
0.2971183041251193
0.2511540682942601
0.6166602400605126
0.5689400434038133
0.5616784799864359
0.4396361659792858
0.8861812316405336
1.0320891146873628
0.48955165197455963
0.39388859268488197
0.44294307126646854
0.45170351298551176
0.45187615961579336
0.46165105564273945
0.5420932310464687
0.5090009469444741
0.7036285684072212
0.4939480846358298
0.2820934342874783
0.36537330854181016
0.522630804919356
0.5676840263823781
0.36629749866864103
0.5761459070741366
0.9000397330513509
0.5515243479352321
0.5166613401482596
0.31345925283408865
0.305481438859623
0.5420172286882415
0.5110169033071288
0.4955791799070387
0.5593782468103345
0.31658524005262384
0.4357691083001689
0.3224072191904399
0.5147236216297731
0.5913037205893436
0.4884278916129452
0.4644903262046841
0.39153135564275837
0.4009595478507148
0.6517207368611606
0.4960637524159371
0.5462785375103304
0.6591054008722741
0.5007207389708483
0.4525288680272312
0.3603285464942296
0.4904260000922649
0.6397572097462686
0.5311089004880691
0.5101766873144777
0.5902867628297727
0.54523156898277
0.5931303297607109
0.6003504545963357
0.45038942126379233
0.4027501336964474
0.5892374387375351
0.45074562372386306
0.4776745141824149
0.5533948486508382
0.4190017785619552
0.7072396924752504
0.541969073861802
0.3595725674617851
0.44915154742532615
0.6057632711377597
0.497932041720615
0.5076615358276989
0.4096668939393452
0.5559331643571219
0.42141146008500296
0.45835549189015035
0.4818167439891615
0.8184908832147411
0.6566049517221513
0.49110661395377386
0.7248401816799369
0.43284351657717984
0.6409557792719371
0.4273748976752869
0.336752512468899
0.5657538144148986
0.48678012884337296
0.7252015699120318
0.5589612389307421
0.4966411444026727
0.7416614323603138
0.2647434714738853
0.4554712996559789
0.6297336839970047
0.5661348278754683
0.5607525232132515
0.4185271327941041
0.6628988466681534
0.351697152783996
0.5409401184436771
0.41817569680215255
0.38299805963579314
0.5277761530285252
0.3870608558696003
0.617867367627309
0.5466015858329547
0.4791249256108846
0.3669651718168631
0.5264305811758461
0.7427691953168662
0.5769018672787792
0.32937309875175164
0.5090329973096934
0.557960775585402
0.4917000004572168
0.3828369615444633
0.5904163139219465
0.46482811044033057
0.3982722991051641
0.3627155795016281
0.5914887821687576
0.6032082597248263
0.5505396217857421
0.4228113967157265
0.4082918497723653
0.5164598435184878
0.5704353405445063
0.4349944164104352
0.8560587033897765
0.3892025036700963
0.4177562687844366
0.6133125406443538
0.5119694256636049
0.44891525959434603
0.5784521144740129
0.62291319157004
0.27431430499425385
0.25962387581956486
0.33440908968775224
0.5796411863197681
0.5936720290567365
0.7273049533032505
0.47791500863726755
0.4172458534343857
0.6300338264171239
0.18833503885318592
0.6727780385629492
0.4555414060016339
0.3605479402197942
0.23312496734745514
0.5838332926602423
0.23601430400438633
0.3034451633164806
0.7330863071166318
0.6686821947125747
0.659460820421961
0.5689513193236424
0.48272339580235596
0.7148440003641823
0.45342468437697164
0.3847711498700096
0.382983325804833
0.5165658668980675
0.4072551740853627
0.44456686270413687
0.4089523018800878
0.5043047014043445
0.5490620838372089
0.4664908960233357
0.48194435484733716
0.49129537312149324
0.4218032736213466
0.6393787810097342
0.43778175889837806
0.36632935214018336
0.6055306455685787
0.38344452161097436
0.38204466717401847
0.4901548045579981
0.16402660996733298
0.3088165429434064
0.41944064905880146
0.4021967187623681
0.43803867321434237
0.687617366919278
0.40072541305727977
0.5674726256624563
0.6779704814949379
0.8948735929871123
0.4329555512172382
0.37263800463720537
0.6010954620207868
0.34112748285549505
0.5726960814935098
0.516905391517213
0.4088484914080462
0.8317756174981146
0.6257813136967525
0.432170796232665
0.46622666791667555
0.4233936887482096
0.5794611821352984
0.4145998189000925
0.5667639241008124
0.5572240994041129
0.6393606483731259
0.30161058246672057
0.6316628332085468
0.3485027733652564
0.5972219485392782
0.556574725465151
0.27786428804490576
0.5517741364904587
0.7659517624843626
0.5042180151633711
0.33190763675089774
0.20173012555447223
0.7673176284230319
0.610554367022935
0.4464269359786294
0.6395506657178055
0.6909120212870006
0.47161655478578474
0.7266049076837962
0.34507960156072687
0.3885708889482253
0.326459245896341
0.676270403013226
0.5542738255120576
0.5173059779347358
0.6168592686688004
0.5111945477887162
0.7209043835966809
0.593599443228956
0.42112548752282836
0.3157377996690702
0.5711719395877111
0.6041715173963393
0.5246622294237571
0.45371445321558396
0.5646991208444365
0.5100839410492657
0.6417744793684375
0.56917787680745
0.40067094227424255
0.4876368901869684
0.4311746330151062
0.35417382399776415
0.45275655336321996
0.3930528497444965
0.5039200678596767
0.37659161500095056
0.20897658254401483
0.43343108607045844
0.44989917931089446
0.4071213362522811
0.8113666173953553
0.3624484494284163
0.3731741972486518
0.29265147634881356
0.4001765386934571
0.6811547615321939
0.41570183955901946
0.3952776435409145
0.3971251004394667
0.5178136861568314
0.96949844414616
0.6152919113913267
0.5915072656905678
0.3405539376528775
0.3894174233091076
0.2892053062762183
0.5675528683789575
0.7786748695001027
0.5686168062751398
0.4219608851857377
0.2484327392310643
0.40187107929363114
0.6902857173984343
0.23829306680911133
0.7241922456075516
0.5820137405251848
0.40603962535469124
0.22212523029687697
0.6130080595833487
0.6122277595734988
0.654865766374275
0.45272105357760256
0.25824166523256753
0.39170559524586906
0.3200862927108842
0.7260857032820371
0.4597452432323705
0.47404553727397564
0.4958076385540808
0.5274367926181646
0.4079934900839969
0.4740156374476004
0.29259010137313485
0.5895999136386665
0.3637002621162594
0.2812736033742192
0.4125183085829793
0.6538342005619721
0.5632720661258974
0.4492077614748174
0.2454663474744253
0.6487881861911229
0.4562859901742054
0.5590147831298873
0.6349087641852367
0.5973956770830351
0.5106638715324086
0.511878477945739
0.2900098054124383
0.6087408216064802
0.6633939698482211
0.368475065422684
0.6222607505933822
0.8328541609635798
0.6087517355706231
0.5115801338529504
0.6437246124577549
0.45193121730867575
0.2779000196181664
0.5144915942174393
0.5628293265772083
0.4699673438256781
0.5112765183865365
0.8102243731511533
0.6542373636507335
0.2696237772172973
0.5052794118126938
0.34588067058206634
0.42129830955454145
0.5984042503285972
0.6822378468852153
0.6334771374635553
0.4973961712501897
0.3691661323370333
0.8027606747596361
0.7055151186706012
0.4190260822193628
0.6233394935953664
0.6884942700611627
0.43226977624970103
0.2817259662338502
0.39540942451390804
0.7531791053307308
0.23547252275591052
0.5191894454841339
0.5620097094780181
0.34872849279400636
0.27422341717088655
0.4859746415062188
0.5467660288751903
0.588625657064666
0.4407647718758409
0.39868450377465486
0.5590558688887953
0.7033254119349432
0.47998050900011785
0.4056793561470705
0.3768373101700773
0.5214593814560655
0.543807695415413
0.6989565825592245
0.3521147722368781
0.5137374971181803
0.4702038275203961
0.460581424335704
0.524049102231009
0.3658742775936476
0.5562778345687103
0.47553261110046813
0.5163210480011524
0.5336266395405207
0.5458928508194422
0.3937470625894303
0.21784305565196832
0.4383574617427825
0.2942636756987567
0.3436383763412565
0.44672828320945107
0.5051519446513486
0.49567366136018315
0.5236602712555963
0.6001299072903683
0.515278246819572
0.3358580764493718
0.5857568973053193
0.36528433495157037
0.5963206987708443
0.6781886961682424
0.5885828785145928
0.495702593606319
0.5283046161837094
0.27428889348116137
0.6806931287404773
0.3061304391988327
0.638981526420283
0.7951980462195642
0.8047317108625441
0.4200864536354077
0.3482927013509804
0.5396520702012415
0.33621038501716133
0.5885150189410988
0.4702538039102106
0.5354142023966124
0.5456813999286663
0.27722776137955235
0.3346981959422967
0.48713643721094063
0.3667079750454219
0.7615101127967869
0.389336643628497
0.46723439792820726
0.43469291775257834
0.38022818264314695
0.5116341512599352
0.41261058509706255
0.4213449952654771
0.5733383112407547
0.4237564828307879
0.368251046705149
0.6802095922057545
0.28690056025063604
0.6012701988476379
0.5886221029148304
0.4414544318757004
0.4753929674234044
0.45983314898418787
0.9480418063406701
0.5120286454351173
0.26453734101271664
0.4655375476523705
0.5851969530571006
0.43636569609318093
0.5766075173581959
0.34228251062697684
0.5229076306879761
0.36327445819136917
0.7339412328129167
0.7551586668880921
0.47959893719969754
0.5115646513727208
0.3354735999168853
0.3999090436165529
0.5023073401099374
0.5277561686960914
0.5963548079278193
0.5604595219694337
0.5328648082451455
0.23564593458076288
0.46292599070293183
0.3894795747625268
0.5459708570904167
0.476611643844603
0.5825511957572441
0.5061570617764803
0.6002128314434139
0.4876458733963302
0.33410862800304
0.41256602011635896
0.7308229424485888
0.5917541510133844
0.3133569168710627
0.6838050551066609
0.5898767823131763
0.2585628088183747
0.6048710344431291
0.797506347118029
0.45410522377063417
0.31414224965253723
0.6895886649367795
0.2651422272315389
0.3539523537060127
0.9345589738070227
0.443531508172673
0.4522826681552411
0.4584807592578447
0.4528408653215431
0.6863085833483389
0.3512566420981106
0.4368888508920925
0.5409917031779946
0.4557324692344763
0.45600716308315087
0.7359845456426523
0.6934399668288317
0.26180801285815103
0.41029215776109856
0.6800294623764654
0.2768889593956226
0.8076647841190914
0.5276182689081876
0.6525715901298246
0.5867637229433245
0.5072873471368852
0.5154152500825163
0.43559927342729543
0.40706472550485573
0.40102337954064604
0.7165735212764985
0.5405564997969693
0.49048365042465725
0.5863902201741191
0.4547088931970531
0.5450649682140867
0.47722901925172123
0.5070343681182676
0.5302197501578313
0.4889892872221013
0.607297802824105
0.5595648094274484
0.6355147616343001
0.4173478244101566
0.30510020761573653
0.5019948893124442
0.7126363486340135
0.4875673988358409
0.40035790869152954
0.4738253179843095
0.5473735437418139
0.3607055024848401
0.3354707981815999
0.2064174990032246
0.5223317797177863
0.5232012414558671
0.48625704142078274
0.6757430428462816
0.4421488709627768
0.4486444419185731
0.6546483874633124
0.5606682834180967
0.6124558741105401
0.3325547481498288
0.3558569050291352
0.7080339879028554
0.6427833053384077
0.574572920410332
0.2863661473891017
0.4120379523052773
0.39883188164033556
0.5413338728320456
0.5701633976938857
0.5767320832222445
0.3106744694181258
0.5055124263600413
0.36651278788073494
0.4713180125866888
0.42527708236314654
0.477496118994279
0.5737714937398272
0.4319560341707631
0.33533397495468953
0.44395461465618447
0.5194142936700814
0.49555698694855915
0.5918247597126849
0.19684564488081313
0.7790890906867578
0.3208766117376637
0.3273885140936314
0.2789798224129263
0.6318693058498623
0.7293914087574519
0.37012038604400055
0.2784295241298533
0.38660250187046064
0.1780778862710577
0.3659064830799696
0.4342500923398734
0.5530390950918647
0.6737338046394237
0.7538060908394422
0.5603864525193429
0.5839076996611456
0.45921294082191577
0.5858194389476861
0.6800620784340032
0.32757749993873897
0.3211763351097943
0.7610071045820788
0.7907631336199332
0.3611852109392652
0.6104529010461157
0.6281028319889734
0.4318024459867907
0.6015730832696514
0.4003086177124615
0.5280768166327164
0.5329635952523581
0.5970399409630216
0.4086436970839561
0.5017316823052989
0.3484970452935627
0.5556281040591786
0.7638794966287887
0.41811634349423393
0.7827739555969251
0.591801633132893
0.3302707797679948
0.6639254706240738
0.4045010323804358
0.5479286040602748
0.5911363715050053
0.3084023838623206
0.3288398569640292
0.3857910431915525
0.6688040650307663
0.34080657054541025
0.5242980719599604
0.6239279829075128
0.2504268168797586
0.34634729331382796
0.5943180252293867
0.3842203869283274
0.3730515789214449
0.4647742171396734
0.3494386467453577
0.6734610698567147
0.5698632400048538
0.43302538261697626
0.6122960023758899
0.47286704474227537
0.40123123734185495
0.6380352988375821
0.43526033660481983
0.5238135876982619
0.5197162391764085
0.484596573019288
0.3464758164945792
0.24569937073599896
0.42752743435638857
0.5701062352774093
0.44867346310973255
0.4927167810047259
0.6299860995622896
0.45049290834907146
0.3769822448173615
0.5390727351109754
0.43371050462862226
0.3621248424517243
0.6125221799045013
0.6047804042373218
0.9406747761064875
0.2560835615013056
0.5297518892790256
0.2791183359203255
0.48213649541257864
0.4318597233178906
0.5375745571584831
0.46411620742474285
0.6513542849042918
0.40252383620215976
0.628718623509429
0.32456919987447425
0.47688103082421857
0.39225480294687054
0.5984561081306401
0.3595443547859382
0.3678112681515466
0.5475969105256473
0.40889866181790374
0.39880923880806196
0.473513441285395
0.5555659069458516
0.3706014024593529
0.5351476740336376
0.2940088334310085
0.4863680423479652
0.6384544912730006
0.38106154244321033
0.32185979692082534
0.733628339996306
0.4384428708708122
0.39944318341793533
