0.5108052094515224
0.46414672045884203
0.6404075871399966
0.586827556562311
0.4246759491809433
0.39603276017515754
0.7245366244606626
0.45807835724549034
0.543583501849805
0.5261839216160058
0.6662410760469033
0.3318450299866832
0.43097641655119173
0.3826993126757665
0.5932564066048418
0.5176710311453849
0.34096745638685133
0.356130701321977
0.4109829052203064
0.45607255034455935
0.3562253899117636
0.38842782034067524
0.4640283745283775
0.5103434546299761
0.6605592210380975
0.3831210538540568
0.806437808443971
0.48605921771471533
0.5322695392973811
0.7416597187322949
0.35331893333226233
0.34577032153583104
0.774013161031721
0.6339808145393344
0.24732524043923126
0.6431177689035777
0.45615576473077635
0.45194629880282233
0.5079123515745716
0.44279998636356815
0.534250814576045
0.7718665111006202
0.42662181667777926
0.3351760090153849
0.5935991788802821
0.6921356311519841
0.6041485040901966
0.35785840593636065
0.46754869266446564
0.4639843300900312
0.4523763745246396
0.5262306791311993
0.4047034921696561
0.308188031913176
0.5309413167812831
0.6081091032015273
0.5377682336439513
0.6524046186537287
0.6348928379664189
0.4620207534585604
0.41338762989537076
0.46167008506006313
0.4743415171981409
0.5139058008582267
0.5386923744363028
0.3818633320865078
0.6535957754746291
0.7282616175656277
0.2610577515969861
0.8395944860659186
0.3928820378524788
0.5054965950932835
0.5023226721004104
0.30360676608527476
0.7697624029482144
0.4027202290105455
0.3627990084063246
0.23685779530919399
0.4378250151001606
0.6040988974814074
0.4626105926656542
0.8270213452826813
0.35370300924755366
0.5379231641022773
0.4912256578771423
0.46790627159237413
0.3330914863989732
0.6754609730707737
0.4032773099298603
0.6211919500807417
0.43457206574006413
0.8385714203158035
0.5285033797307841
0.4648895925668603
0.48347156572431477
0.3243384339228194
0.17767353757461196
0.6835444016420845
0.42891873423717974
0.46798122090311006
0.36433481204745527
0.5510126226549715
0.3332505577561362
0.28314766183285167
0.34489171070307506
0.4276973902461184
0.563464591909433
0.4345995717008231
0.38673734285425987
0.4130219438164093
0.6691189832790677
0.34177746908770984
0.36990334773173
0.5455699155079969
0.6331442128045881
0.4854929209284392
0.3268792119149064
0.4851499637487821
0.6398477034560891
0.4671186242627471
0.40846686916831465
0.4418815048259317
0.5342447036776103
0.5781634194327641
0.42793961437892947
0.49495316941974804
0.6931789863234624
0.13411590411257557
0.6442734247102744
0.42288324846312514
0.4773855377986464
0.4714244135573005
0.4177105645213526
0.5107887493341048
0.7034988421525081
0.5749630238107063
0.4204043545493549
0.5172384439051896
0.2729287850893896
0.5622331713619135
0.6072333543751696
0.4841283913714484
0.3488532529130375
0.4492537456984567
0.6761694824275777
0.8158627085369634
0.4831795771444482
0.32290803639316046
0.5295915069571024
0.25409455360961686
0.4174570410959916
0.5245067004309252
0.4272798977826984
0.5665049348020152
0.5850125293666969
0.5756470754005899
0.4958408131205158
0.4499730211611872
0.5905847006321543
0.1346224430983236
0.506484002816643
0.4697992977464789
0.5834761512971213
0.469054693370584
0.4050296160021521
0.42083539758961414
0.4663324586453091
0.6053948194709627
0.41013864448523807
0.31295856097396413
0.46618093580864395
0.17222629552999505
0.36854612711741747
0.7988216915259554
0.42414529505893755
0.4518544768604492
0.42441060718842555
0.24142819573484608
0.5911051304697632
0.5120440156030943
0.2793804300690166
0.6432699852976764
0.4652125636874659
0.34541076153511013
0.35599212352493753
0.48707880554358685
0.4139584301627993
0.6757292044191374
0.44265125670836536
0.5942605767769583
0.22220854142936208
0.18247115501965627
0.3899239245459911
0.6359090263681861
0.3349860339436781
0.5374472072672734
0.6630518831356351
0.2956993757346716
0.585603238709689
0.5710671349336367
0.5964126953122456
0.5705829973731191
0.7348081074589493
0.5322888356278084
0.6428939975266517
0.4968723083057582
0.5775637625750514
0.32465813810241295
0.54816084212519
0.5663586981315205
0.5049648239634656
0.4319474757259413
0.38036068524497946
0.7121330328186029
0.3373195419226639
0.7405629712133778
0.5341535564567379
0.3991516394775994
0.6967857885338584
0.8167330132258327
0.20633595790593923
0.597432412684942
0.3827642343015242
0.4429973367859327
0.36380007317681634
0.42047234365312347
0.4738928018364305
0.31286236481206486
0.4567364692319422
0.3533691107174768
0.350677231056205
1.105930745833847
0.5932773044997159
0.5534008875348939
0.4012203772163916
0.33402398436554964
0.5201475475597643
0.5274904347755218
0.038871406248939755
0.3383903447192419
0.5112425931810272
0.21936098033391271
0.4081271356995357
0.5535103082831323
0.34225873003255813
0.6206824240986375
0.7302120207351652
0.37482411259250126
0.6731663571773066
0.5558861526505519
0.6380955051351831
0.7133808859874196
0.49641279137718014
0.37310388901772645
0.3702315601022265
0.5377815059890744
0.573776840773349
0.6010650889655905
0.6160754818363725
0.5737873586418287
0.3672353027378227
0.502530652148028
0.34443162227421453
0.5800415573557106
0.5702098152691769
0.6346361367237439
0.959293528295055
0.4808762923420801
0.6913045643967033
0.44445595045151826
0.4099245037046529
0.3461789817358112
0.7487962286147565
0.4732056748306374
0.44548625692210647
0.546249623066192
0.7345969746055847
0.6741596924125758
0.6939161126622349
0.5372184524513233
0.5339332736826635
0.5434434784128712
0.41367144279820756
1.0698772593716113
0.25296740025835407
0.2063716917750809
0.4822062567196051
0.4948094702134645
0.24722001324715598
0.5078377870862432
0.46943444143942814
0.5051409320237423
0.6347244617720667
0.6104049035490953
0.5119008971572833
0.38187030370813846
0.5871343015475567
0.5494015205459108
0.4514081842091308
0.6187219293827456
0.6460264558075284
0.7083273672314494
0.4240015118212799
0.268078417218053
0.6301493783554382
0.5605806272950038
0.4207266025136427
0.4879082051133008
0.5405531753153561
0.7305349769653395
0.39195588885763233
0.666773864835586
0.537317421834437
0.3765062648589582
0.5227321876335889
0.388834755452222
0.08810870044578073
0.48002429412569597
0.49765493686339546
0.7144278570668501
0.40719416957005733
0.5133747934802162
0.48880420570997335
0.7694676471502607
0.42909851055766424
0.32746963470321233
0.25239125585666056
0.565642900004194
0.2912692436290528
0.6105863396950119
0.49818017416515337
0.3165194616567831
0.583347896470813
0.36489757265738076
0.43096660291753125
0.41409632572404603
0.6310182821929746
0.44911269324926123
0.3254341111412384
0.4118359132395656
0.4701395021964841
0.4796584203829059
0.7908529263636432
0.2944512684203892
0.7220673310670822
0.5035478256967996
0.44450917186998795
0.30571172578151384
0.43012741436440177
0.8013918188938765
0.28172017286415824
0.4999670910295055
0.8299598565058101
0.48655771273524306
0.41735389387611016
0.5912534128132486
0.2968815563927502
0.38526367628886066
0.3311877726907663
0.607152765624128
0.45282142190477864
0.673249058228188
0.6265265895569276
0.4107388861611086
0.2330197015325703
0.46009672733620105
0.527685422436454
0.41028672094892354
0.3908015313463235
0.39892851669626367
0.4536221204986001
0.4779095696553825
0.7012465363539593
0.4977397238273625
0.7960391045032371
0.5761671674984095
0.501637366757901
0.34656762657975027
0.37916161213888244
0.2129287751632078
0.29421989521565256
0.3281005557495417
0.5459164400963679
0.5421094456689877
0.5633515235328624
0.5042215145601883
0.4673328271685999
0.294734741248235
0.4853645403232461
0.46952314101935694
0.5262554343734103
0.651067715615409
0.6482508308797896
0.32924064372835554
0.4217956074648735
0.3487668783404407
0.3646530342591076
0.28570587675226916
0.5059921275651591
0.6152536253310751
0.6915935246215028
0.5542993301988534
0.6462799622909172
0.6966747618102118
0.4115206976600962
0.48103317119736994
0.34641075606850497
0.6449842333138511
0.5390099802104806
0.3438449319498493
0.5266173890126271
0.4614321770409426
0.6379947597074205
0.41751885615202283
0.4156195652378898
0.47694700247460325
0.2664989349484133
0.601999105338671
0.6995605188859573
0.4251217831283315
0.42574689923792386
0.2934321639392565
0.4941171988633946
0.46140677695963056
0.4262193670913943
0.6980831308322205
0.6431131460466182
0.5682537516645496
0.273597173785605
0.7504533268926663
0.5447388894892045
0.44163299546403995
0.5613020536349671
0.5427658527763995
0.5033920453979019
0.7248159710443218
0.5675083062489452
0.5940216319043743
0.5947398282143068
0.27619504763286135
0.6969818271131629
0.2228750477068302
0.36034515341616485
0.5573835731688082
0.4374214700974804
0.6151043746862408
0.43948703012038975
0.5493078326496066
0.460717466270196
0.465310240666228
0.6913286814515512
0.3452257245408213
0.22305001885326164
0.7100271785864156
0.7545179535968742
0.463813787909503
0.24918446020557788
0.5127804969586078
0.8501369652296622
0.643917978334509
0.20554544433058913
0.3796828954282047
0.7439796177162052
0.7882550668768251
0.32316835160467416
0.6578613042620738
0.7890323707785543
0.8373142950716788
0.61367591419231
0.4586197676315069
0.45864542348368686
0.7012766217610249
0.4772768188933656
0.27188460787700974
0.6751554041734891
0.48504913346110523
0.7572731608927916
0.40653284367516584
0.3105762183695093
0.6449407521313754
0.6718635629048766
0.45039740202349
0.6746436938122894
0.5104610410231554
0.6954250562120198
0.4264496371781372
0.4769967596183131
0.5628484727536118
0.6062533606528906
0.35735338384434046
0.2588807984232784
0.26121196091099985
0.2942596687874788
0.6242810576596687
0.6148136045089027
0.4574713519340639
0.7494840608106641
0.41311838046339133
0.41771010395524033
0.372343640991201
0.5263950745181709
0.6605689399131502
0.49207589563832554
0.4626103725510061
0.404303548620493
0.5781107343917598
0.5252640310861426
0.5950251524111112
0.4268499940555399
0.524756873281099
0.6818526302166991
0.49802246704674014
0.6414866422875591
0.4811897893995598
0.6676463216400659
0.507569447580051
0.37249208717975546
0.3779441874584387
0.26715333600237423
0.4870055501966011
0.7030150921019243
0.4590393689111645
0.4260501667968112
0.6107104289472329
0.47024381894951744
0.5084727638963348
0.48785125313060107
0.41279740490344247
0.2262697811452286
0.6440674926517008
0.6668140254085115
0.8020177394980673
0.5747233602595286
0.3715970891130893
0.6051209429711754
0.44774731101186377
0.42952648579848834
0.5071788678432485
0.4893238928920613
0.37529000082927666
0.5814167505234895
0.6424035541791429
0.718266093381574
0.46581731338240123
0.462900925077098
0.3009130908746947
0.7279701678749656
0.5766530110888217
0.3970958901336513
0.4630688366816381
0.6021901719813691
0.47929254645452035
0.46752126331137706
0.11540290305233025
0.35850503922038457
0.19451905415108672
0.5363772461836105
0.4509575618025531
0.5480151411832161
0.40003270752109976
0.5907151981211753
0.5775214958470041
0.8838800256878407
0.2878294153165858
0.3676818310728156
0.6367647831427012
0.524570619392539
0.5254988970749586
0.26660754108328477
0.5916368046240319
0.6936708729478771
0.6072974486633915
0.7450402719941525
0.4086717019237551
0.5975807375322695
0.3522856744060157
0.5396831292349014
0.8061681949036694
0.47594531377591714
0.4793228331441075
0.5800216038620609
0.5246186358055678
0.7277030400952337
0.4826833306404329
0.5558251057654737
0.5019589619845499
0.42102891449975943
0.28890226857126666
0.5260858854442693
0.3747515727233343
0.26368823609730485
0.5386443953409182
0.3325605012603089
0.40008600689475754
0.3745276809734042
0.33139357161464816
0.617378922316427
0.39028157792064944
0.5408513885575177
0.5180328592970644
0.3316786571003847
0.34631144930314256
0.673105938825982
0.6295333542599226
0.157638715659843
0.5893665042166494
0.838515804881325
0.7260179048927016
0.28365370658435085
0.20087359928236798
0.4994575550055156
0.4035360124684963
0.542924763016395
0.4643375218596319
0.46489991379397444
0.8362482294206925
0.45855885001953456
0.16102946239156762
0.2618160069696234
0.4386060765401468
0.40824126194651145
0.36874422464920437
0.8110930789184081
0.5486145946681009
0.40868510653150214
0.5389602815361287
0.7144297667139557
0.4894157668945494
0.5164407932578678
0.43869706768259764
0.5343876783356112
0.5689603143134029
0.5386989621651112
0.5002521297187681
0.4799096064415202
0.3205471506003829
0.43538807647159317
0.46333683265365955
0.5964983386660864
0.7813676111293228
0.5165237409217893
0.4397591068264651
0.3179555706322847
0.6596304403394829
0.4257961896481942
0.4005957540958025
0.42356900550560933
0.3978172729743116
0.5728662867643279
0.9362778759678746
0.2724600585235726
0.7191919708217627
0.4615237794781685
0.3453538106855841
0.3758489660038637
0.5217103005588541
0.45529974536362733
0.4115362393817511
0.3931106261417885
0.42072754860010037
0.42018259464898994
0.3448869561416205
0.501704816623401
0.49863415279950796
0.4221189227970289
0.4541531286892614
0.6555494545760896
0.3524818549277873
0.44933208291005966
0.6380599656241008
0.564384113714872
0.5156891360370932
0.5083495341861296
0.6685407800505139
0.39928608996157855
0.5836371940636536
0.38873286985079886
0.42402044383615
0.6734006796435401
0.531351988918702
0.7353636030553719
0.23739008075471602
0.26583566357899496
0.2832468209888106
0.48312481744072355
0.3709595620407284
0.7358859445507325
0.5131598500388483
0.4226475276747945
0.36416246147930204
0.3841717981030452
0.436179129466398
0.288338732417783
0.528507408532899
0.5873127865170511
0.3345737854395478
0.7213306732811531
0.4620989574176159
0.4030729633279572
0.473496696492028
0.4893994020505499
0.518128240801085
0.42005533732123346
0.5750457780046581
0.33674176766730396
0.6768737586116844
0.6732552450024456
0.415427449281928
0.4049751104318816
0.45677442725401973
0.20138879012840144
0.49819616320714055
0.1671996389150915
0.40636900908826684
0.43268933760848505
0.47048611281393765
0.2229907683136822
0.7374215710818988
0.3948033549197921
0.7988625805781814
0.41906753947787195
0.28000805449684657
0.534956970700467
0.3038285761607832
0.5777721989330504
0.24875338542718817
0.5657442677049679
0.7275267921989832
0.4815442150269004
0.4563428542874971
0.4292434374782071
0.6269900936208475
0.582124946087601
0.4806089562115756
0.6539862037743092
0.3013170729603307
0.32335532182723403
0.6236242110953831
0.7575411645283907
0.5105150805226257
0.6325556450641002
0.473760471299655
0.6184992463519302
0.5277609404294563
0.8061387942563016
0.48028882335873074
0.4200806534700609
0.38559571914811935
0.6538760401626154
0.5016020341799783
0.815845997159789
0.3121769222226949
0.40025765624990595
0.2153852073585752
0.4965799260769631
0.7084215024755032
0.5356035062502467
0.45063884208368477
0.3541437681850206
0.43454853126046966
0.5384414038989689
0.45689376586051716
0.4088498138780444
0.3486618254204178
0.47654271112245616
0.49376590382653834
0.4099443775483747
0.8707990268351198
0.7789410574017084
0.34449938898708526
0.41836525678368663
0.3671107630997356
0.477804727608984
0.5469364139225874
0.3781689579553163
0.4520030900912997
0.4229458344473141
0.4862412512259461
0.5763242265739021
0.44688751817349004
0.4492427392982919
0.327045041492978
0.20699372906230257
0.5376397917195102
0.5202821366393588
0.48868328931860483
0.6159166956470656
0.5512212736107693
0.5607075705892277
0.696433954313856
0.24106245357704947
0.5694535197001039
0.4774453337151675
0.4920567860646645
0.5015303095429511
0.46868452471494493
0.5285520656225398
0.7173970266131369
0.3396294551124895
0.7279011412325496
0.6523926719065036
0.42374062962226083
0.5023005121421111
0.4687702785746301
0.4174363481564502
0.5328309401830938
0.23689824275110194
0.42050459689991815
0.39242845783275276
0.5531936767529619
0.3128242897049634
0.5556636718790713
0.5857009226726346
0.4489787228743431
0.306440752212034
0.3357087592373647
0.4362343689670199
0.4696486131373791
0.4897862331545438
0.3136382514169261
0.23427285882145582
0.39897111871960417
0.5044655340145281
0.5426216185097745
0.42581635111137445
0.6737362413480996
0.34318260352031205
1.0309166776728402
0.48922518038690405
0.35153845212376034
0.8751883514739932
0.5702426620016985
0.3763129722412408
0.5029643087979743
0.3286391077370259
0.6038016932147687
0.362906546854526
0.4095211350507279
0.4822292186189378
0.4714710551178291
0.49217052285891566
0.39473651876047067
0.48105916691769784
0.4015414853795117
0.6113485882956106
0.38058891976036074
0.40959135416603215
0.31391229189560815
0.38693521248939117
0.33672701496414154
0.6110757367116205
0.37450616683236376
0.7365424954926966
0.44852892699648833
0.48627873551128614
0.8484266972487726
0.31043648544989205
0.525886259917679
0.4847434594069799
0.25590371888075064
0.3916972905207568
0.380007588300792
0.32259606223999054
0.3242152609870664
0.4098699893342968
0.450445176208159
0.38420646416830034
0.49394808171161947
0.3791941320043572
0.5192659566067142
0.22083022260454138
0.7044804862689598
0.21466440939677806
0.4974918996009699
0.3543039542879837
0.5630636876196411
0.48116544170594516
0.45532906954155095
0.49853683248142944
0.4782993746025845
0.49733866090066114
0.2665159706227546
0.34845477880250525
0.4704231680630074
0.4790169343548331
0.5350420380273844
0.5461933165558308
0.5047192515610257
0.4468666166001372
0.5056944466924151
0.5101121552174355
0.35941516382109434
0.3385534187695974
0.41585448290449833
0.5160391534454118
0.5305840928495948
0.5918770411890257
0.3758566633994883
0.5400278464228203
0.3686635197332255
0.39361878222227137
0.3761312915002493
0.49420562453829103
0.9092585252534076
0.30203601213309694
0.3266539981834938
0.506975257047466
0.4796158917655465
0.3799326682238498
0.4802786161350134
0.4582310410107842
0.26070402083524097
0.43222124929599154
0.16981243872649304
0.34130987877728763
0.5913915235703432
0.3634515219798546
0.5782058808131157
0.6776207546520276
0.30919995560882246
0.5232903831131603
0.4107910309919565
0.33077566880133996
0.7409140205902447
0.6186106352249454
0.31214460680265277
0.42062957973540194
0.3539822387860816
0.3338486059929511
0.45147177945523975
0.6018835110401428
0.4111859738092708
0.3529577405934105
0.5413133334466956
0.29970796830120805
0.44769257899703296
0.2176303786621383
0.4134020758617726
0.48093951135726154
0.5005171282743346
0.7178640528385543
0.4853451049308052
0.6566070123227801
0.6063537629839095
0.6946870457159262
0.4010780713225179
0.560941149587625
0.4297794030276609
0.5687272376160148
0.26180976951440876
0.8206541552962674
0.5464493709919627
0.5775114304728608
0.5731317200345701
0.514630869982335
0.6680653450963345
0.48059367273757836
0.4774721902749298
0.7448629806431779
0.8758560389007529
0.5976141191802316
0.08337451642702753
0.5637972438804157
0.5518132479065221
0.5239900507411261
0.479163118376414
0.4834253932908503
0.3972619741632709
0.46108267074083514
0.30956577260820123
0.26596345678240435
0.3902216870762892
0.6275949582497738
0.5326436173955951
0.48698138316638534
0.36710138938741765
0.5404212294287333
0.6311293318618628
0.3467890645752834
0.5923922872591597
0.4141638796041639
0.5740462502245591
0.5446851616699614
0.4983111816008457
0.6291544606300703
0.5622600791315888
0.39531704919990573
0.5557462577497776
0.29881852891829935
0.4574459731307676
0.4153563919793646
0.5981395434175845
0.3313852038858091
0.4650365719453676
0.44626900009354015
0.3918947195724563
0.3178871924864968
0.32841297357108656
0.6440436487162742
0.40960818425031226
0.4194476322921326
0.3150484437986053
0.44110949771565866
0.8211942278618235
0.40230093513824505
0.519373167504459
0.3545246159506888
0.4909701178501443
0.8637191823823299
0.5277724183922685
0.22620220290066628
0.7413071866049737
0.5317967367187182
0.6584407466006332
0.37807513945165777
0.4231156495766931
0.2881584371346654
0.45648468879636006
0.7160609534970934
0.3817065963848093
0.4267450626528353
0.4024092046566094
0.22678274457603786
0.44787456699472533
0.6310616237987793
0.3909838324914078
0.3217448876523246
0.43292517783973483
0.389681652743824
0.3409301272362461
0.8101671616479212
0.6354106947306103
0.42035689844908103
0.5277580857950566
0.3944538313740422
0.4562300152529617
1.0060237755783967
0.4065557253794384
0.5464285363928054
0.6315258280998627
0.5193390723634058
0.5389449255469267
0.47410416660031013
0.40082421045944666
0.3857798366452052
0.46462288176988503
0.576514292493353
0.5730407835716357
0.45548405722890145
0.47537177247837475
0.6822868277934582
0.5664300339294348
0.4470537367151992
0.4463894430008169
0.3861255828677855
0.499504097580008
0.3771858159721646
0.1789442431192305
0.715544309469801
0.41342275300329223
0.5909233434195257
0.2993298549014694
0.4877134271500231
0.48819512005135063
0.38510427998037305
0.5059510017391193
0.4192340164427524
0.4497418179718165
0.49418023357181423
0.4246476281277951
0.47024592107124313
0.4759238130261383
0.5475130168722631
0.5735066262794561
0.4034866210177082
0.48843164359252766
0.5054746851098187
0.5537991242430993
0.588274791005559
0.4326671230576954
0.6664395523545313
0.38995549076627517
0.5089765494317816
0.526103742479579
0.5500636867587279
0.3697598990271613
0.4855068853543819
0.5164064178685341
0.26747594609680564
0.4882381323273806
0.7399970967635439
0.4369884379359868
0.761628483747526
0.7134210846973412
0.5863523571895505
0.6701074736214816
0.4011708727599028
0.7802503499070473
0.4611577397267473
0.7234486851484581
0.6382456125508938
0.440645044475511
0.43026517584616175
0.3929233230352716
0.4164854675668289
0.6380951708362046
0.3434960575107021
0.5719900229037451
0.45009299747487225
0.8039037324201266
0.34252257680608833
0.7162307512271832
0.4455436331881527
0.42918160167618574
0.6368727425297058
0.5305488985562492
0.5607454287684313
0.36968635951267304
0.17737401150590743
0.4374382119384737
0.3306600110420984
0.6697782585977619
0.5019827155892538
0.5125005918523853
0.470811705822154
0.4946929985859463
0.31152829191941944
0.17906777261909626
0.3823774026230249
0.4555918051020642
0.5498936973972365
0.5861968202179031
0.6407173215754653
0.534765036367269
0.89771008858603
0.40202420237512826
0.4310233091085676
0.8316034860348739
0.18041779699917118
0.44416603087766743
0.29191024936171456
0.5253808745821265
0.4788495953020523
0.574508013714358
0.8862272030937026
0.907927026639866
0.4561631712495702
0.33637784629301265
0.5480409972075222
0.5168944374244255
0.6520010274539656
0.48407789953090596
0.6884672356826866
0.26407926390151165
