0.5660648202031328
0.4716222223494107
0.5775541916922668
0.6326304036254529
0.5428155687554623
0.3972452641097718
0.8168190528497387
0.47005505112050255
0.5174533072487073
0.6060993281280063
0.5821012563319565
0.26899952434830454
0.4512223075378925
0.39263022740495873
0.582075972110632
0.5221498020417703
0.3304038564793904
0.4432605774522083
0.4022333189904403
0.5522729655248525
0.38446671011622247
0.3809962875580668
0.4909129286239395
0.4422831212897168
0.6411690465023042
0.49435087577176023
0.8128979438739105
0.44857283163053296
0.6245505185151814
0.7268579350952895
0.39318924832923163
0.39088599118350253
0.74247392518575
0.48216008948714606
0.19898700118101442
0.7055978380556913
0.541780469820117
0.5618802946625696
0.5955985616009483
0.40626018752918325
0.5976308100390049
0.7480235250260672
0.4791005192012965
0.3883550644428112
0.5617843292591681
0.6155635012452174
0.6632308749367707
0.42515996634854897
0.4479773677438102
0.5658035427346833
0.48223990122358357
0.5320985390622188
0.4073825884412696
0.38286062769671003
0.4445174200662743
0.4818226253178126
0.6044020112533239
0.683244915804043
0.6390993765042484
0.4594115565132917
0.45922029460779096
0.514739088068502
0.4100552305574469
0.4210723058618457
0.4755016319828257
0.3857463142858494
0.6522846788325356
0.6801137706439396
0.3304989553365203
0.8977135022878923
0.3102855238396197
0.4570289567391398
0.5288563043107668
0.3650008607490167
0.8175183732967084
0.4301711454907138
0.3963943086463516
0.3042857674577899
0.45906644651730194
0.6037834061997726
0.522782912629211
0.7971399804006121
0.43152975465030036
0.44779515172421197
0.4971749459748631
0.3812643648809522
0.40755943506132297
0.7085600213533608
0.40269237605604624
0.578505870709315
0.4048335455063995
0.8184462329886932
0.5805631252559195
0.5414277534719638
0.5825672000886972
0.32876743311954837
0.2086970847960231
0.5725519446526969
0.47094573838398907
0.48592659478972555
0.3436789842791273
0.5501050018008338
0.35876414917859906
0.3962225113354352
0.32791291473985046
0.5076643204856354
0.6435668311982016
0.4031766584998394
0.3547063830073443
0.4007000930322057
0.6484350964897818
0.3476175743404565
0.36246956601267477
0.48053210934774543
0.6362406853837393
0.42722854513888675
0.3468600905637773
0.5288936914571399
0.586322987927352
0.5339124490030767
0.35820202841763116
0.42850429736271173
0.4598268300812751
0.5463535820465055
0.4761637441064068
0.4317996835443026
0.6726665062519689
0.17612056706586215
0.6435951135230895
0.39329455795477974
0.4427250166899004
0.5027603068381267
0.48520204900489805
0.5427886369978774
0.6972195121487075
0.5556184971834279
0.5238534390793684
0.5454827234932135
0.27521984189375537
0.5579621425853716
0.6272058366726636
0.5059005326439316
0.39208040284121765
0.39025559171780205
0.6147524760189134
0.6700235065751632
0.505955499325495
0.38495426295655133
0.5551634854303379
0.3711836951910392
0.4016961503616048
0.44680085118784063
0.39959232860490274
0.6655585553186119
0.6667435583527358
0.6261038331463264
0.47313022014709405
0.47140962141262344
0.6759968760453832
0.17616100391221912
0.6452434804590877
0.5178758890968894
0.6231716889812315
0.4698541555452615
0.3919256399518849
0.4982530516027618
0.43898657677353725
0.6357184639795834
0.36960931203497427
0.38665143734502716
0.5208986467753534
0.14664933272242353
0.4451275603495126
0.8565897471522503
0.4831032903677041
0.4827058014750494
0.4511746479587355
0.2574347261155649
0.5930328590163159
0.5616588487873755
0.2924650176145389
0.6563938988663391
0.5285602404744711
0.3334023400484256
0.4345724553995189
0.5387298763875071
0.32771856829852797
0.6551987752390498
0.4887514991883444
0.5872329247429217
0.22927536618036515
0.23116453480313956
0.4090858398324323
0.6201206534631813
0.31835563672112666
0.5434638546963404
0.6693308374063857
0.425325244736088
0.6483673459156346
0.5712483847837124
0.6226949807961221
0.6261573906386417
0.7334339085317192
0.5098403162278717
0.7883905686058885
0.5247944630009266
0.6221370547516926
0.3845307241832554
0.5214395063026814
0.534820799110841
0.45363223057797586
0.5803258552396435
0.3641984325290243
0.7462039141325718
0.343962183893478
0.7298993995987743
0.558217147107919
0.4111815913551854
0.672427201353167
0.7440475638939814
0.32833773270046773
0.7152415926894679
0.34461174526885735
0.4479180776570042
0.4127307800585607
0.4353722950928818
0.4105462669276662
0.34954368134488917
0.40270005001942777
0.37468226505122243
0.31439221981870513
1.0394273950992146
0.6342976190676607
0.5275414136417891
0.37099306186407544
0.3509531150475351
0.480173874228182
0.5098182689773225
0.12719313694410778
0.3198508700777955
0.6173011598817741
0.2631179085632657
0.4050680377648516
0.5528521937405791
0.450363540179285
0.6836238062545743
0.7654025739933515
0.4396880779616791
0.7207961662509622
0.5381071004850517
0.668522886505132
0.6545671918801981
0.521300621376859
0.49176207934060073
0.41838346906145196
0.5281779237230196
0.5873887186115578
0.5734091199003668
0.6529056298948412
0.5846384458895549
0.5053465400944391
0.4483936135496953
0.42417051601473255
0.5550275781195928
0.5519910153385856
0.7391793379405314
0.8550694192717629
0.35019480298843786
0.7313715412309666
0.5394804956385582
0.44752014066634266
0.35663728378127213
0.771842639335699
0.517635998670152
0.36773427366773737
0.5046327541989926
0.7266134103766952
0.6693919838219258
0.6835799389339803
0.5056007859642384
0.5131336304607381
0.5746611110741016
0.5029713962668513
0.976515465451706
0.18439985635643985
0.23399230250600256
0.5354156590136026
0.48933081274599505
0.2216957087609756
0.5482320630221118
0.5158121398285986
0.5301498496549953
0.6565704689588158
0.6520986461398874
0.4305320877692467
0.3834420152439107
0.6844372393466771
0.5028223712797466
0.4422315493573795
0.597793405023779
0.590052896544106
0.6431179150454297
0.4674268214055636
0.2806957699406733
0.6744295959523144
0.4852248326582292
0.4387717350379398
0.48286608131130115
0.6395462622548743
0.6954271769790941
0.3567897240775153
0.5300817987115777
0.59955597720117
0.37483413786211783
0.5767382355131293
0.429071506186967
0.12802774444210452
0.5047903782828111
0.5363418940588028
0.5603756671616941
0.4532007848467448
0.5126542699812539
0.5596306601720475
0.7726043625409691
0.4433705351420016
0.4456961271589486
0.2696069562602919
0.5974152544121298
0.3057879101901802
0.6239465189324904
0.45008896388550496
0.3628985574026721
0.5759018113967698
0.3286360269529822
0.3080655648870667
0.4300030073872427
0.6006075275179149
0.45284847655567284
0.26779508428153537
0.4391138554930429
0.4336534646625919
0.49005511394386525
0.7760351856185714
0.39519084582271313
0.7366103021103608
0.4897608545346514
0.5064005050127148
0.3065691821276556
0.530433203998196
0.7888929736302497
0.23663899603326222
0.5028934854038457
0.8032491144661631
0.4623800794997573
0.41814221031807924
0.5200152626145789
0.4269105639274159
0.4195648273777832
0.4304760965227791
0.5813830335272958
0.40282734843595697
0.5925252726440264
0.5791023215430171
0.37675655763436194
0.2802619834423319
0.5258233808269455
0.4845355665381918
0.545100731891143
0.45571949904287795
0.3358779528128186
0.4448964339987221
0.4803675714457014
0.7138571283368809
0.5954226164451621
0.7656567138292873
0.4404192117345297
0.559406866198028
0.39646685901854894
0.4158624492360992
0.2653698596481572
0.41593753059780153
0.3341113545749767
0.5984714273932406
0.5812989925437959
0.7504806171192969
0.5258686031722004
0.5285234693854896
0.2901521998371294
0.5765361798046001
0.4197149038857672
0.4474585780042838
0.6166604713101376
0.7055263323411176
0.4077997053402458
0.38871370096550933
0.39303343053063544
0.34594448820007895
0.3004584007514403
0.5703007811554596
0.546557744572158
0.6992697658357856
0.5296162121713609
0.6547786328268749
0.7106085508013877
0.5040533873542796
0.45131821103384107
0.3750832164227271
0.6668683581812793
0.4821559395054149
0.38693683444443794
0.54729240703557
0.5001292932217306
0.6266895817495082
0.4345605737239506
0.33252596173564963
0.4753241753726074
0.21407466487398547
0.606337689688667
0.7019754368521054
0.3967943987957172
0.5313095688350958
0.37279841177406964
0.6115394925012247
0.45167940856163064
0.5039198206707476
0.610331877335565
0.6417764289258867
0.565333099040392
0.3106325915628033
0.7406825780311882
0.5280062382786689
0.4255055776091204
0.5109422600724548
0.524819799355347
0.5602251699323149
0.702846293575123
0.620272000328557
0.6323344001113298
0.6381821631835947
0.3076664453706352
0.6699869619266203
0.2736598567336652
0.339618868231105
0.5954185053357862
0.43579975223977907
0.6461071788219328
0.36461748362333934
0.4789552118817153
0.5256752843957132
0.4380903433980162
0.7257256486659865
0.38913844605210324
0.24438119214242854
0.6943086875292322
0.6600650317582715
0.4793676698593194
0.3079059801651893
0.4792180167693298
0.8023905618728412
0.6197330770575822
0.21413183944725545
0.4112645903889769
0.765987913619071
0.7477178503194659
0.3851752725248122
0.7111635829940445
0.7733174963693746
0.7651699935999279
0.5617468792628323
0.45031242851659137
0.4445697139096535
0.6240741129983591
0.5238258745635429
0.2733451416499506
0.5889160999484964
0.5443993025401977
0.766640178536171
0.3595921177705774
0.1874853768852418
0.6231160701169726
0.5574796757502305
0.41084732172192145
0.7298367806756478
0.513473620115293
0.7267748704932135
0.4714044221841506
0.4446399868278341
0.5770452552721415
0.618502997089421
0.29568240124754563
0.2938957517495644
0.36607510973652696
0.3739260137708893
0.554115205060095
0.6581932152831809
0.393458022329975
0.7653431982639033
0.41584607200947754
0.3676222742238946
0.3502416750044308
0.47190568401069166
0.5766520378128182
0.4513628440979164
0.5837611394838164
0.42341466904737174
0.7070507058295422
0.6482419670088378
0.697382196317825
0.34079475492117006
0.5001783621659414
0.6721589221099604
0.491042792467233
0.7576467260606479
0.43007430524434703
0.5829745372840636
0.5002336606581365
0.4320450981580126
0.3662554021751797
0.3108985884053142
0.4983504895697548
0.6827208116360053
0.4769718301700483
0.5308106507256963
0.5611872738626537
0.4569894194852739
0.5781401937495761
0.4770063541079499
0.40177916576903605
0.2878912429974002
0.6476458579211115
0.6815466500373539
0.6889015073107412
0.5405880283804748
0.4805631717313915
0.4792653911703785
0.4365824361818688
0.3812257332333522
0.44424488093246184
0.43013240451049284
0.46006237045169607
0.45849522786775504
0.5919497765218721
0.8052552351596041
0.48247880526260656
0.5025248328275265
0.3868382771519493
0.6793276156284349
0.5966125484968011
0.41235072947016216
0.39189514168158623
0.5355971755609467
0.4845872564806417
0.47399228710901725
0.09068545357636304
0.48700502610464713
0.2985910609751761
0.6007045780689899
0.4786830700904751
0.45641949353327244
0.4623350826507795
0.5944056649784853
0.6020193114898639
0.8534100219034709
0.35059495682111613
0.39122982164650666
0.5572160454503218
0.5630026254652895
0.4517409784143408
0.25060363099980576
0.6437140544020064
0.7209899253967895
0.6093857711285393
0.6628058292259482
0.4615265531951114
0.5546816553798065
0.273666559501989
0.6366029555707782
0.790595758136899
0.4930810778982496
0.48886974196986976
0.5217405173101841
0.5392406567352069
0.5954453354994229
0.6081087282004184
0.555718324437592
0.42362320930154307
0.4784346450106074
0.1445971371800901
0.4300918213834155
0.38638592355620993
0.3030581470171681
0.5682349404043597
0.26391359665374736
0.4452039208433665
0.37098793823971954
0.33482300241123997
0.6286010470790631
0.43827403015964517
0.6230671015926187
0.5109735994836528
0.2971353600814748
0.3615041361052011
0.5867396844811518
0.6916097903288467
0.16217619676726708
0.5935716061206149
0.6886705174352743
0.6879048526392331
0.3529395083668367
0.23224032741014322
0.5218543554965819
0.38219000655782787
0.553215044125744
0.5134629564147571
0.44153224864089946
0.8824919285412847
0.529868028647021
0.24975285011647275
0.31829791278887254
0.455663552290224
0.4629821672400003
0.4255476612337327
0.791062477579924
0.5623599309370747
0.4568977446475873
0.6663236549950242
0.7277193906000354
0.48299186808607975
0.552457406020209
0.4678935753632848
0.569040790021142
0.587324000426619
0.615665222659655
0.5863060649215287
0.46159028479754716
0.31818062788988244
0.4731868972599703
0.45498926266644446
0.6306732245886661
0.7145232906338381
0.5684896260828223
0.4819405521058065
0.42887720794390427
0.6220591244495265
0.5004684351416097
0.4299594725491863
0.4491177109156363
0.38834294859311574
0.6375240796911102
0.9340309116305254
0.30666247879416253
0.6589904972082642
0.3723052969485928
0.27019770831561885
0.4025991447619488
0.6311667446198257
0.489665929512932
0.4839734015848979
0.4082167563626494
0.5023024226706665
0.4716160088020729
0.3922466076677469
0.458534281769502
0.47387800066218955
0.39326630847840943
0.4416876027558872
0.6408731831629306
0.3609620813806986
0.40271182109073256
0.6204787879749694
0.845058146791758
0.4660869184100106
0.6244510852705382
0.5923723017632645
0.4280911369578623
0.5977717883334956
0.34821831315789753
0.553938262619296
0.6185900757226457
0.5335974357671475
0.6175785888058706
0.25852141134425627
0.33719120757264276
0.32224777401158644
0.49489899470094817
0.4164626012587465
0.6716570917478835
0.4722194206177859
0.4499448008512539
0.39657810195340987
0.3857403297923795
0.5399292990991071
0.2708184903568793
0.5154384897370221
0.5069326272838688
0.4612171186845434
0.7060076488396747
0.5263584224607148
0.44527945999752727
0.5430399558281391
0.4070848287626032
0.4253137710708336
0.39323769343007436
0.5152239120913018
0.3062127055949685
0.5959496779507412
0.7212794829353399
0.3890926812449092
0.4537040207122388
0.5705909280829999
0.23600418726661293
0.5262515331809808
0.2062007705612648
0.38512649575785024
0.37677344848870975
0.5074850373555075
0.25676821970469543
0.771364895603238
0.4166365555636513
0.7918679862541447
0.374442377667802
0.2863387030212733
0.5123665895379445
0.3282770379419094
0.6145455142099621
0.18910245253927488
0.5716307491938009
0.6567670656645486
0.4789624020087061
0.42620346649133856
0.4190944439316429
0.6484792706748008
0.5962150855643248
0.48513188897658927
0.5934627981224789
0.3444427541579529
0.37532235544997244
0.6173883058325589
0.6900546196712221
0.5061882790865256
0.6689407120461198
0.5319756226708088
0.6393171293918947
0.5609028184352763
0.8002964903320271
0.5232836458471172
0.37383823562462914
0.4132235391414685
0.6834180562268588
0.5605210574508717
0.8197977779140495
0.35596392785560793
0.39647534718968946
0.20751424022925918
0.5998076717735223
0.7500499950263375
0.5387468755305418
0.49621450843087717
0.3974179856998129
0.43069154565649975
0.5788754346482092
0.4332926658643027
0.3807418724174668
0.3995877765329337
0.5244098988424511
0.6013524334101712
0.5009086329637724
0.7707901831314157
0.6847699352675536
0.3524870260695355
0.46474298606619047
0.3738870157478716
0.47076613738662665
0.5481254676319955
0.4170993658342815
0.49803287847022415
0.4470640466705493
0.5042457361804271
0.6257222814616454
0.4366688454609354
0.5110507411904646
0.44876239171627275
0.21715534995118502
0.5747517767250034
0.5347949458869392
0.5148329674538621
0.6659493527886886
0.542080120792821
0.5903669019047353
0.7010097625623531
0.2415222871695019
0.720451905179937
0.4906060598449409
0.5171205994079361
0.38749444139715383
0.5028692766964675
0.538382519089994
0.6828398175511732
0.3780338511465749
0.6442070348081139
0.5502874839940567
0.4412888201213151
0.3990756766034859
0.6025541300728625
0.4315571532065467
0.5140234606235619
0.28529988013690394
0.5065834916193541
0.4296048757603076
0.5136818920917386
0.3246036560832372
0.6186449033780212
0.5052065742508591
0.40414043147710665
0.36505197920023935
0.3106590171753856
0.43436328894559995
0.35813725234616445
0.5293210860165807
0.37763512538647226
0.2748339920867558
0.4813952616429551
0.5175337408768413
0.43384090934552877
0.4334426377725683
0.7222899804220246
0.36861887878888977
0.972274984677147
0.46655363387935145
0.34629013854031787
0.809940685109976
0.5033543879665521
0.42849283272713745
0.4740365579512698
0.3080901143382827
0.5101005214022083
0.3997452620076477
0.475580787956678
0.47470387707045125
0.3845818412396873
0.44595017132739423
0.40725674535167605
0.6457588057001078
0.45474745785795045
0.6563408224390044
0.3133603753355361
0.4085586584939917
0.294060453552622
0.4871364641963611
0.31950004717016445
0.6419726386069413
0.36548918811456704
0.8050344407624772
0.4730684596601085
0.47000909447394634
0.895506445512315
0.27220199021471814
0.5054645458609496
0.46773686935650743
0.3946782180604702
0.38016091768711946
0.3321562881355885
0.28910810018853206
0.4307276157131983
0.42992255251166406
0.5164169678727308
0.47333066172119287
0.5089994821227051
0.4003455142120914
0.5370564108374536
0.2767598851320212
0.619016849331302
0.21817922599365008
0.5066836879613376
0.48949316238679164
0.590003741868086
0.4937205126645271
0.4640026331099908
0.5528849397232964
0.5038536033877075
0.43876177709587355
0.33187036093468447
0.37755170788461767
0.5381994784270173
0.45745888848286953
0.6383510940175026
0.5082949560027297
0.5151427821143785
0.44509699053892926
0.4685522747237409
0.5818573536599674
0.352938403399332
0.4892071424296229
0.43050925740016116
0.4576477757045657
0.4421449537834816
0.6067628539967693
0.3654307915446454
0.5308867174499904
0.3575790578680884
0.30144394898937205
0.5433621379165297
0.4667257161962582
0.8580711386791608
0.3772098584777691
0.295492302439578
0.5231722079223202
0.49888655090913553
0.29452414813162947
0.502829707136948
0.48640263910813325
0.37292944362555425
0.3654887909105657
0.27110465862468436
0.39239744830087964
0.6120387730412217
0.3366304856983991
0.5351714139470727
0.6814005511286586
0.39960379217578246
0.5294230568388372
0.43104383612682
0.3759290548601839
0.6606691678244554
0.5987793661084023
0.4153704824548478
0.48460319111758027
0.429098522212693
0.3919183467696352
0.5186332024378216
0.5277826008511348
0.40900411981006524
0.43368346637701266
0.5182366338719332
0.31082587610970935
0.449232028924947
0.2798981685878019
0.4928067805674327
0.42468421943246576
0.5526789465398425
0.6663077770638415
0.4824449041226398
0.6388840796166924
0.4114596366929326
0.6739997523336331
0.4404897320179829
0.55186325188665
0.42306291909735216
0.5594892654776132
0.30336212893554465
0.6665170337170604
0.4038771838615096
0.5264898298066105
0.5520107730973342
0.5193998804684684
0.5832930633533803
0.4721104461093055
0.5756833350561419
0.8161607071160306
0.7801166044532075
0.6163135400823758
0.168970455931227
0.6632578964628961
0.4773997936267894
0.5646629602160381
0.503185170316016
0.5314077490108202
0.3188346551457259
0.37156158857619803
0.3557981355884828
0.2927064071737804
0.3438728359456167
0.6185324724487447
0.5270415321948989
0.43353391140795733
0.4176138903776577
0.5025716715431896
0.6635523471732536
0.32257494463872155
0.5919767683363847
0.5466573556025803
0.5919714060692294
0.5993659449006693
0.5347892326394582
0.4720263997447151
0.5611639587514858
0.4261865746261063
0.5354027703487255
0.3092033374204599
0.5409557165693109
0.3735246879486236
0.5097407676762955
0.37242555840245317
0.5422490525178222
0.42974247750147754
0.3113945122594428
0.30087997894315344
0.34453466488257645
0.6650093984009968
0.4565317307167313
0.3571195925470778
0.3045703717249192
0.32329275484452724
0.8745600444691248
0.42401686784495335
0.4828264245261607
0.41701206237008714
0.492316978823058
0.8113213140554
0.4748048903641148
0.14098720511216728
0.6764416126634444
0.5977944146083367
0.7215426418645219
0.41913288045754654
0.5583896398756099
0.30659384611331714
0.4336323925188404
0.7064515240518184
0.20829961612996517
0.4724824011643381
0.34895739643444057
0.2971821801416178
0.43901753620674117
0.6915047403068469
0.34483761358817844
0.24933007323509065
0.41537734861027187
0.4245769030736733
0.39543630553735987
0.6869731897324747
0.6183672517893153
0.471432628091934
0.5854949598133818
0.4651788596494776
0.5460457758414793
0.812724750572509
0.4134027229779322
0.5293274286068612
0.726099963517264
0.48376981291317356
0.5965023539852182
0.48780350989707116
0.3634670673456889
0.40669999356998277
0.41983748587012326
0.5805633715796444
0.5176132491414367
0.45667106465030965
0.5075302067430872
0.6926228073759497
0.594651196777353
0.4617035933651049
0.4499649981475561
0.3833570650160153
0.5227967752757411
0.3550356654256065
0.3272982894988664
0.6502392644308743
0.4163767018815515
0.6297883153480026
0.36904916151794953
0.5228668234581397
0.4522668982369887
0.3942579285940607
0.518004921871461
0.4679719540116886
0.39703338806921074
0.5150656854894049
0.3961843597268902
0.46639511519114146
0.4901156882890653
0.5747216770603648
0.49853398075103783
0.3488613114800519
0.5335542537898444
0.565065070666531
0.6506892661650266
0.6530605401663936
0.5241237411924556
0.7180552051545415
0.4633309788014685
0.5450933051224592
0.5554011128701278
0.6496591423587229
0.43915799921837234
0.41895067661300195
0.5013033332973045
0.20696398744065103
0.4235755647995997
0.6911700037036784
0.44142641822433953
0.780620663369229
0.7257914982757065
0.5956267617619736
0.6434044357705079
0.3456212830547128
0.8022889324478062
0.5087237443043104
0.7621428014315039
0.7256790160930549
0.5098451977610318
0.41016874602227416
0.41559050585385715
0.41014712715072904
0.6852969646954131
0.4215888869847428
0.47942213084138446
0.5010389303331021
0.7848167112703064
0.3440408774837829
0.6906101030259921
0.4984793162757485
0.4523499464372917
0.6302865698372897
0.47441762782515984
0.6139679515741838
0.4447835223443397
0.13861000648979882
0.4408059094480884
0.4093157990350696
0.6897193669146733
0.526090351603877
0.5067468397257391
0.5178417726746366
0.6336021616797551
0.32781314139347095
0.23287077654586125
0.33563723155649294
0.467924004565595
0.6211369614966872
0.5096076675215783
0.6230806716990215
0.4510354744330195
0.8965630578904937
0.3958412382727261
0.4578353062851436
0.7521953057720683
0.19334201330880907
0.39179701452424376
0.35184842110994535
0.5434151231677953
0.5195409424703874
0.5942394012138074
0.7871478310072402
0.941967931302021
0.4020086406641035
0.33982940844346243
0.5437526136086904
0.5104992631930652
0.6523910556892736
0.5027680791292817
0.6843295748597513
0.2566669187437685
