0.5301685862536094
0.5275735560378254
0.39451803119618173
0.44084806884334665
0.5935778564601379
0.2515155775647373
0.7192028877256055
0.3273015407994481
0.4331151075827027
0.46033827066703975
0.7906410546327307
0.5549329221453914
0.2585464419838415
0.7002333334430924
0.6254327836098644
0.504084807008992
0.4079866307341743
0.5219787817255213
0.3870218924422039
0.4391033168211626
0.4212084362554038
0.35809347387180807
0.41288813625067405
0.6367905000777812
0.5499400376633241
0.7159643792383822
0.41244902964524083
0.6665331831685504
0.5057892239320024
0.4485507921740632
0.5174970113685529
0.3314788901508376
0.6785161818768528
0.22904569760894494
0.4564649056295475
0.6902238755496555
0.4374339905624843
0.47760172305198284
0.8421673086083481
0.3221888033683919
0.20508170668585768
0.27022740346678015
0.5059471070398183
0.7487022779181509
0.1315175589275795
0.4313254707425915
0.45966493264332936
0.31531281642804926
0.49782512551915775
0.5791500211241432
0.39958786891908354
0.6733400737700657
0.8201306062905711
0.3970366979951008
0.39281548380431114
0.2714701112905564
0.6138085338874559
0.8246186720591591
0.5101723441036805
0.43364881687597945
0.507899994934857
0.4458908579412016
0.2883851164003367
0.37705457301388673
0.3861117417939825
0.515918977998439
0.6049772643659832
0.7626965744290232
0.5029075837687622
0.33352915880464673
0.5106256844251209
0.5482037774249044
0.7634737994070204
0.496147873244052
0.4887149141757758
0.33968067400367125
0.18201262611846575
0.2595705762364129
0.44082453912366487
0.6378535399434875
0.6230792370996114
0.5098553776347279
0.17272802171268797
0.28256072073000155
0.34019384887950155
0.5143847071124579
0.6089616349504803
0.5009508599148187
0.8238062896620233
0.47199583605813183
0.7639938350460111
0.2616638705235231
0.435759668731627
0.30845907660886474
0.3219484889280711
0.5098784853971281
0.5256084439984237
0.40791555682918473
0.3954612788115727
0.8118063772745174
0.2960552999216873
0.5409649024475061
0.4661582039115694
0.38046305481203774
0.6914273334142855
0.2050482818768679
0.7513979552818488
0.6566324538740127
0.3097614096787064
0.2004760195942888
0.9437131855111045
0.4825787460573589
0.5016023278220341
0.45218556512024427
0.3670713972092315
0.4245882570112887
0.3265681592025909
0.6691007693378754
0.7981128425418784
0.4147951332720774
0.2861354087834558
0.5231728129444679
0.5405918578408302
0.6352786295363855
0.12249333097781467
0.3392163913930265
0.5153423646407957
0.5688886854015561
0.5994275893976446
0.5521355595061253
0.6522425136912486
0.6043847840396952
0.4626256106709184
0.5905247825423943
0.5910002665517939
0.35308397163909305
0.3472333858230635
0.85310482707954
0.305280816507384
0.19678346112933603
0.7252169267818009
0.5609673414154908
0.3860996905682142
0.26304388338311446
0.8236291162917591
0.5454755725461577
0.6183743087221925
0.3622036890358545
0.47266495743238807
0.45291765091677516
0.49597895378319673
0.4613392384591812
0.7647662684702936
0.4258657328595599
0.35244624688329146
0.37864324114655307
0.536024759203741
0.32174939005814174
0.5415718451245993
0.8441059586725104
0.4434596573756721
0.22442331820703237
0.5395559621126134
0.9144283416671759
0.4148516696755947
0.5833367029014177
0.3491832310970276
0.8419921920757348
0.7071068478229051
0.492767736918694
0.34163167515598314
0.42621250484408474
0.1811418664392216
0.6695022989260481
0.8260223275150206
0.48035021900163666
0.6368250555778486
0.5304222388156415
0.4042781387978872
0.5358333867832747
0.31201591197307765
0.5517008427893644
0.5790530428639671
0.43650564900450367
0.745960348384717
0.33409118280136973
0.4893334034264727
0.4997269760697486
0.6046461956027918
0.5141311113825741
0.4259475581071007
0.48035003510269575
0.29935802344185425
0.44622385125729014
0.7924157716953446
0.6109180267896148
0.49674929432020143
0.5722166449842326
0.4489611072704217
0.5296740187894375
0.5468768705893724
0.4097382516830059
0.4355449939661094
0.5788491705451189
0.5909957181706931
0.41717486497421685
0.39539885345781195
0.4974185699604279
0.5201526145889678
0.8604452105537307
0.48452442275952495
0.2226141734315254
0.5214301308832746
0.736051406247443
0.7386930714213038
0.4435063934012905
0.5797427776437711
0.6513660890763086
0.5386095490951246
0.8336273576008497
0.6338502673724136
0.42545360872389393
0.49746434379762117
0.5553913505015858
0.38970812802308086
0.3878590220533005
0.6596794945999994
0.4451521981097234
0.330103474204176
0.3781799422578689
0.34751575434087784
0.5335012033064203
0.5652029739609581
0.5880485272685354
0.39419459432416804
0.1455679355489305
0.6971067712223933
0.3049609635618175
0.2966356899635144
0.5921521105667746
0.4865082368814101
0.5177394106951936
0.3892120039841442
0.6379241912820759
0.4825068697390633
0.5472586437867206
0.42269024449616366
0.514767636458193
0.5641949248356574
0.459544199887051
0.4375396964721814
0.4874074580598837
0.44626578244982895
0.1999774730077346
0.5987640726991094
0.7264057402088364
0.5387762316722015
0.32751997925156034
0.4380384273416543
0.5294671475330555
0.5217237673368303
0.3483511583814378
0.060334438157427894
0.657119783856707
0.5424127255129694
0.4485754866113014
0.47042321401002873
0.7037403971389096
0.6237282330061702
0.2982019046397555
0.536760983623113
0.3902961558221698
0.8653628608454917
0.20303610332060407
0.37654449254275507
0.6656479521210832
0.24688475840811552
0.4728467392710689
0.353117831301049
0.6349787294942413
0.37616914273706137
0.5212442796301112
0.43520466151311266
0.49184591945883704
0.30779807709149665
0.43826848862940215
0.41419393818398675
0.6551130037031238
0.5184025590667333
0.4689968631788976
0.534125990890652
0.43761337796701527
0.528554498731759
0.34872164942438677
0.9700475594555859
0.6313338174770368
0.6132526207625003
0.3725877463058128
0.6402529000953009
0.3830541331782743
0.6277985918033017
0.4588520168003971
0.5796215026393281
0.6307930178720418
0.7656063418986023
0.5254791552501734
0.4366969907906696
0.41901047340502295
0.6733219279838016
0.5749859928634428
0.37733789869597134
0.21856723708483805
0.49198745239445607
0.20565702557826554
0.6147352999809264
0.49610738338032295
0.36825820576007656
0.5031397494559289
0.20323436569445885
0.22200244356577997
0.6445079557064048
0.4438833137659
0.45718168508528484
0.6914782640160013
0.2835354465817758
0.17513810825436754
0.294879186998635
0.409154374129267
0.16592012677934986
0.5585595122578457
0.42290793194692583
0.39062775821225343
0.4459975071078944
0.6587447189758873
0.6213849401049312
0.47790688891901184
0.2702387791350745
0.4803063085467049
0.24601444406063622
0.4135314498700606
0.46219302093741704
0.6625183101666299
0.5993370350670018
0.4915299457385745
0.7186074659478281
0.5163197317675905
0.4763746197580931
0.5534521860796795
0.4778473178876308
0.4037228982519725
0.4470766812132852
0.5948601241291749
0.5255906560200072
0.37945529104162273
0.6065137130403471
0.44369320511462546
0.5136660561623345
0.5347096108505913
0.38955388377895495
0.6059455269195695
0.5250516542992669
0.463714831558726
0.5601598257190674
0.40357612871241627
0.44781742135442376
0.3208911349511345
0.5486267141980081
0.8067285879190307
0.30059846412846913
0.5005057848089169
0.5206460823660939
0.40260771675111195
0.45726166185079103
0.4314818792456237
0.38308983529343316
0.4952186632542244
0.9241469832651903
0.6630839674430606
0.7358787075910354
0.4206386444377796
0.5906239412151062
0.49805665014350836
0.19413784640841286
0.6321852562039698
0.5556721555816562
0.6032705654022263
0.23355727072973453
0.3152584480791543
0.4605710620017857
0.7333596945025906
0.5760303350232181
0.1707318710050949
0.3888921557693564
0.1655540922419365
0.7400491613682896
0.4178017572875193
0.37717104726103906
0.8428678890168166
0.4382888546856815
0.7798478684753294
0.4232597921214724
0.31980571378813927
0.5632422816439899
0.3971778278570212
0.1688969571361289
0.4572960238248383
0.34920166600064323
0.25132347738828775
0.5568773282290882
0.13179630586818625
0.6578695156810828
0.7033195353773178
0.5139631468424051
0.4900892146340256
0.45628770989663886
0.9091375225638525
0.8095268805070446
0.4532325044627939
0.5833785883663796
0.4657495277348847
0.18718506957065884
0.38956408937314363
0.4152540210751597
0.5975176939409947
0.46346682099099784
0.36029181874401595
0.43408664661781843
0.8049888072817676
0.5045248884677862
0.4443100496824161
0.3900932317956047
0.5909259640739821
0.3152094818069695
0.5100410898199756
0.17581205603400096
0.5698015104173668
0.4266023245913264
0.27974412405626087
0.3077883171200819
0.4788179450822287
0.543707380245011
0.23949400754827793
0.42737984215954733
0.4291011932255901
0.6176722102250496
0.3619549127005819
0.48073758689113827
0.5548507538979934
0.5017974150159246
0.4478569321396901
0.4931264197811706
0.25650970132151274
0.7276044185401789
0.7221457073250606
0.44193046411075887
0.2727903709693833
0.5354503633677554
0.0839154499362782
0.5112025620365537
0.6440310908144802
0.3461649504912136
0.41745725337216094
0.6066295263927297
0.24056629231012128
0.3184466432233562
0.42433823202343796
0.5437134264637073
0.30157082944540037
0.32694390573885135
0.6680218786437297
0.572889106150626
0.3676028277122552
0.40436990874332934
0.4272222346252386
0.6445314264027693
0.7518491073912184
0.15618779529488697
0.7119548014445711
0.5249852109680628
0.373279878920927
0.4536188114657453
0.5215617742244281
0.5208720773455353
0.42529664915641496
0.33077279170998547
0.05891175024881662
0.3494983115243932
0.5879491497090041
0.37128491932039615
0.2954567594956775
0.5053547345148517
0.5330000390910641
0.36224417640518597
0.6607475314567852
0.27203597019103715
0.7195657086185114
0.6090877168817135
0.48324652928346384
0.24266324555871172
0.19800537095120757
0.5572742771670285
0.24947128975299837
0.6679138657883645
0.41633080108835724
0.3353690575783957
0.5405679121796343
0.659450242690367
0.6085351533633796
0.38864147133306365
0.6960626484490471
0.49764521770541076
0.45800513056202746
0.23171245114503702
0.7177975789294015
0.4475315533393523
0.46632676515375165
0.6838998384595485
0.33167369513552464
0.5774823280259742
0.28611100012408547
0.5080071960615962
0.3941562345746854
0.5714730537979928
0.5257782372389608
0.4047119559838051
0.47865557131638364
0.26665241288577135
0.93476659856189
0.8256026432228378
0.5167325702352814
0.5803742132228515
0.31036038024277884
0.4410520125139525
0.4637414971964627
0.7089811219116446
0.3691324976829834
0.5062146365889639
0.4430264098178003
0.6432900846010801
0.6204533494978461
0.7409243706864602
0.41478593201427644
0.29216094150355537
0.4762664547810221
0.27089630343481746
0.489836186436925
0.4473670074656643
0.7186424395603981
0.5702651700141215
0.3316951511924169
0.8074276321453446
0.44127147415942297
0.5701319392702926
0.5591371178043767
0.3535676706545062
0.4555630238773652
0.1344562407879032
0.5829800856602994
0.7911875762953497
0.7802621070948448
0.38531365956950503
0.4595587376079428
0.5034066312260019
0.49919397550229705
0.30380828626746453
0.635611828372808
0.5103585596783071
0.403680715146843
0.4590910768223138
0.5220142691086527
0.4034195869048259
0.9380030094055123
0.5068127121066563
0.7659164046562512
0.5343106948447942
0.5040516150460932
0.6831113661655194
0.5420804811085438
0.7258708715639708
0.3866021073496229
0.33209418612572533
0.4931051538294064
0.6847704244230632
0.39363281754173535
0.3899586418397096
0.3907926145059119
0.7528710960186682
0.5120149698532945
0.45631342728286484
0.5164129142770475
0.7217461659289155
0.5240778860449553
0.4548936814838331
0.6754505183291442
0.4319635992918462
0.3792128666886905
0.7396055544843776
0.8991905609898685
0.5926349190963836
0.7974529906275989
0.42776645155466625
0.3680518608998996
0.2912974115112158
0.381433697656318
0.47353771639348324
0.4522627640764683
0.8077228618545695
0.3860269363132135
0.3969241015194858
0.6007419236794638
0.4847115651171848
0.05923349729600885
0.349995074210845
0.3101606195312878
0.513812942241261
0.43594188537275386
0.4021213064677059
0.4754825774764756
0.75648311990662
0.21398020257593475
0.49596705031222016
0.564811607794979
0.39318270561289187
0.23638704544523276
0.2735263506058682
0.5534707706687405
0.6887196893139795
0.3044380274559463
0.4059957160446825
0.5996522856701145
0.4886227594762416
0.544409424735538
0.3092104819622077
0.6328051226047731
0.6601335806769393
0.49493299785911243
0.6056052773805947
0.18107418969441974
0.4617982949335711
0.489326907899411
0.5749916154165402
0.6495792861097021
0.7800764669869225
0.3873393580398145
0.3337289701806613
0.6462830099520049
0.5956277404941022
0.6989544877057496
0.6779670926593797
0.49889701518741886
0.40150284611676385
0.5940131424750839
0.714576091797759
0.5719906775073444
0.7631062596088329
0.3249969436072772
0.4351231923444194
0.225779602137967
0.40152898605032245
0.5955194489988405
0.369602423431916
0.556678567444945
0.7998606417802891
0.25187879286794307
0.5214363825401149
0.6519979687112867
0.46101489400754614
0.38177204641956614
0.51394527549917
0.24166933346579272
0.5185795261512874
0.506287513599341
0.9254713556933241
0.5412694631433477
0.35539273576972447
0.31977946019931985
0.21227252387838608
0.7487856412349438
0.44646216928574484
0.5956393983480008
0.5659259897393698
0.3347569664496391
0.7665152161884339
0.47831110759918144
0.3901566691938588
0.626853651898537
0.2542728754788484
0.5805295062640827
0.69771069012973
0.4174508580301685
0.5080223702884714
0.4493651353068548
0.5669908579872394
0.6734897801665178
0.8951604282262329
0.48234214177316864
0.4036910646570741
0.4935202875339662
0.610018364364793
0.41138479109849474
0.45633755281534333
0.6110693712021908
0.7266848375572237
0.8522107476088923
0.7027525287353926
0.5566308151877442
0.4720596321194143
0.6140973646708889
0.45346629172071184
0.6597822492498582
0.292043133564155
0.5080437508552973
0.5151797440493897
0.4147496035894605
0.5122693787322783
0.5071637386245345
0.3898022034257214
0.6165469865589064
0.641091606978551
0.6731787001242167
0.4498159811128111
0.4777553996267046
0.4701593592921495
0.5613045482151982
0.5020898153989259
0.8270751351074286
0.48716556309052556
0.5054276651580656
0.5050857873695391
0.29559802149179476
0.7016207358469592
0.5543141524512736
0.30348899170457727
0.6846500177828097
0.7499915341819008
0.4445051710513653
0.4384055629591935
0.34018407521297006
0.7090932481367405
0.6571254657013264
0.8416777656775243
0.6276589797591843
0.47440517899074
0.5373029329600201
0.41696098045430824
0.5202588641884842
0.7333028841877547
0.4060886571326882
0.4643512050851805
0.4177146064391503
0.4839006974429357
0.42418629443669487
0.7499513144379187
0.1297603076913108
0.32033172109544655
0.16115221314166744
0.7438906194054982
0.5401120583516945
0.4497974706435059
0.4804219510065815
0.33531351392212555
0.7476757627963024
0.33396583957461295
0.565083136240941
0.6535215423323824
0.9407434958749952
0.3630873188022471
0.3506807546789817
0.24332334933161698
0.7045286460449247
0.4273574161850437
0.441225514848211
0.6862644814436387
0.4459798277756569
0.3559294935196074
0.6663691964915563
0.5413887794007985
0.3905206428012032
0.32751764443402903
0.4251583935925519
0.45101900863585836
0.40228681852682113
0.5575397961220041
0.5733588710365753
0.48480922362513107
0.47489525547380035
0.4785679689726929
0.5231080196217153
0.5608080597848404
0.30350912064885455
0.7099921829008538
0.5946423488225292
0.49175269421669726
0.4123693320807787
0.7745268857591665
0.9087353143509531
0.439232478532575
0.6386246894446854
0.8862510832099224
0.45740416156442515
0.32187609138885204
0.8239787970036898
0.48526883421022976
0.5663325839628859
0.6847211656018268
0.5040814496177421
0.2797234595382254
0.43935378472490555
0.6527538816338636
0.4084492905680111
0.5106006853782443
0.4145731019512046
0.4938069960624906
0.28168883831180325
0.14965753733332682
0.7819763450400128
0.6156367856635643
0.8044334976679024
0.6692502043978317
0.7566789468833073
0.27136413324269165
0.5692412587716855
0.6244774940977973
0.6061950722812404
0.5606628918705086
0.35799430276194627
0.7258259491678354
0.3497802145992179
0.3646856904023588
0.4128146548648482
0.13066536488429442
0.7303816761485953
0.7508085757215035
0.41589190194317344
0.37162339576975306
0.4105367625648633
0.2601674525228445
0.3261230005888375
0.5996466361404074
0.5078527496498157
0.7584680784374433
0.9926711817233662
0.3439699684849907
0.4186742973367266
0.6987162878671791
0.34569108602789217
0.4390828151249216
0.6760420605605284
0.5723702591257385
0.4487173645684401
0.5625029346640327
0.45704388667111645
0.7603732921333779
0.1914831620517562
0.3617709567023312
0.1943752734972009
0.3873817326218328
0.39823429335897026
0.15615922136591498
0.30844965796335816
0.337626740766833
0.9803008401561353
0.5230620931166812
0.392188812771381
0.4556604619789458
0.7534589659557278
0.44464334500642483
0.5302874393624561
0.25879425291448904
0.45653480624509296
0.4759321537067817
0.5888495703939745
0.7111327785010426
0.3951130251762404
0.6350280481251349
0.5956997441101777
0.42281067881730877
0.42738379346948935
0.40625415703682427
0.6618480965373037
0.310593440431335
0.20455232155059772
0.5340945787987357
0.5406070490459804
0.3804581423554194
0.4618324229818
0.818598297983129
0.4347727584387809
0.8906076576555375
0.29663930370204794
0.7447696736086136
0.7448973636820742
0.4224717532128111
0.5985296531984661
0.3668283359633925
0.6740105447774216
0.5639823524328831
0.5026869791167534
0.5305191194263947
0.5140197025821343
0.8072157821250574
0.2193779516673866
0.6757374475967235
0.3912340184646956
0.45952761978956985
0.6862841899936698
0.6205122336146625
0.7346007240363424
0.37098031201102627
0.6455535316800605
0.3415850987410542
0.5768029810846785
0.33580101944236257
0.4337392288642388
0.42582242672237386
0.4092633180386936
0.3181046306937908
0.6953085369183977
0.4945641897301512
0.8473107325152094
0.3811405155651722
0.7538898651975906
0.2603289241678814
0.5042713984071272
0.6553027344638331
0.40234700164861376
0.5772338051568042
0.9448914823286434
0.4275111314770336
0.5728604314839185
0.5012924886585406
0.4905872395717343
0.4266317565407453
0.5208273305502569
0.7412328766698657
0.49358516323374496
0.4295101106067443
0.7304921010989713
0.280265451973714
0.36664190231802035
0.32454859184933954
0.583428775172637
0.17590133124474255
0.6657039996470542
0.13300709950965695
0.775841048919971
0.34484355731578864
0.7364223393108684
0.5529245986343843
0.35110176898560946
0.47438284830241245
0.6560571670062534
0.5291945737341301
0.4662670653346764
0.542842304575146
0.3938454963043663
0.5181078543022692
0.380610229738845
0.5252087979264106
0.2890977253128271
0.6524737451829454
0.49361741404223697
0.9563952439187438
0.2399712147852664
0.4956517964397374
0.5636657296882781
0.5527814918634297
0.5200406795899557
0.5875722930155065
0.3247941185467745
0.6254836660712926
0.5811419758802463
0.7826826740239761
0.3656326426590146
0.3906326230014285
0.4830595772761214
0.727407907283667
0.6113685387703354
0.5407272423032412
0.4624227507673933
0.5924610685940961
0.018358289119164817
0.7316381715624423
0.2114804271417658
0.2518941226480067
0.7478805683947454
0.4232268475395658
0.4481421631663293
0.6954687520438416
0.4386703551190831
0.7038787884658777
0.43935046104995196
0.5821063682836094
0.322852601666068
0.7021800274979286
0.46532478014504214
0.6705999123306832
0.6171158986658942
0.790773236230996
0.4216207588324516
0.5381914704516757
0.47404120946847766
0.7504344020421201
0.20216086072795214
0.4607833884404033
0.40840942127531676
0.7418528447424203
0.3929069588455549
0.4679897158223884
0.35801802826074014
0.49614291180905645
0.524281707051355
0.013713570325502966
0.8156683075538649
0.6039783988326637
0.5410364811262689
0.35595055326875064
0.6197823072832098
0.6043852945426997
0.4569731640853672
0.5480345949170145
0.6382860404344457
0.5505010630884968
0.6530527888922975
0.30572445660677344
0.6012591642460463
0.555777169442063
0.42032199397251296
0.6507397400401032
0.7230178097211672
0.4093365341022603
0.8170532639035994
0.7359693528661719
0.5722637743674239
0.39941038396338263
0.16386268625228112
0.5206131372108309
0.34105377774336
0.49754106089688194
0.6360895845550798
0.12896157815795067
0.29122897543955334
0.5520184407235664
0.32912615801320355
0.5774192276821197
0.4513049391807404
0.41197894987040207
0.6891328207084719
0.3430056959742902
0.4337772148941163
0.5925834891878743
0.6065934822445833
0.5837380354836414
0.5927960222441404
0.3765643462702411
0.3829130737905619
0.3446039059954121
0.7974816851699764
0.518909642196846
0.7175720610184317
0.3184143585834656
0.3672214347710548
0.6224379321493636
0.4884791058910975
0.6120742155658053
0.6769287295820952
0.5084248271327552
0.5510347974570504
0.16690814380883717
0.7874957229709324
0.44880559437784756
0.408805203721668
0.5921498238163845
0.4103351348031436
0.6859740815102933
0.3840599244733026
0.2938559123109346
0.6493076615743598
0.3934359787520157
0.9339901076300043
0.35319627108116974
0.8005483827679429
0.36549592912986045
0.26605713840669604
0.4906417373637208
0.5429582385183016
0.44432299850269696
0.6402032537448448
0.4506653446287538
0.7561364745399
0.463931598213563
0.44680066488097786
0.2710411664233235
0.4681632950475823
0.3950090448394737
0.6006325561273695
0.6917543285726847
0.5287860043418086
0.5478683154953811
0.8126242150813893
0.586336237043191
0.9064921467277316
0.36897928745862646
0.5108314334170244
0.512666621336445
0.33784934098606945
0.6822499688904882
0.3600273252232993
0.5345961950227229
0.3057882643741834
0.5897798216292629
0.441795645957769
0.2709200007082011
0.2191856457375459
0.3173434980438315
0.30641616157299617
0.31252445667756634
0.26069824298649136
0.5734420064459689
0.6294065427697442
0.5479321416469403
0.5163412958661976
0.5940204542016203
0.15714679849246904
0.46416996181608516
0.6531763631241689
0.3496419334856631
0.31129724917754864
0.426336864229732
0.3119836516060843
0.42637526902374123
0.26572093742248165
0.4522013674627118
0.24718542128153576
0.3493578943371842
0.3763089277849263
0.645456462376602
0.562948204323801
0.36182778352522615
0.15612280706293635
0.5641573458277935
0.32212608803731047
0.45163976464380273
0.5511054401034401
0.5385069605551843
0.6622715029622508
0.45787216485684257
0.7641666986415264
0.5544859175481104
0.2940393517673304
0.25485893047932684
0.49940783722248316
0.1824559120491724
0.7375929448751856
0.6838243567431823
0.42054782687906667
0.20134443818757763
0.32390850968453544
0.5669360961657665
0.49392049401141114
0.5125779193152797
0.4921893125327988
0.40340616722123634
0.5030987619380742
0.5432121602567482
0.4082732165005596
0.359286970749751
0.4712154349707227
0.2975111215567468
0.39610698997003546
0.6017952852261723
0.2850053942505736
0.7159083052668416
0.7215101820358348
0.47895565279296876
0.44368579010691733
0.5244197508600711
0.21819651164788678
0.38368751170282717
0.4868714556699667
0.43257445419683027
0.2426203559546002
0.6136261255264917
0.4534443062821565
0.3522107335074066
0.7006368066784509
0.30276567860508546
0.4556185570878857
0.7529910026615171
0.8045235012148594
0.30373667577444263
0.5949923573405624
0.4328366463924173
0.34061207728816867
0.563404017076877
0.25931242838452034
0.6465301683893385
0.502256939457012
0.5074084610107986
0.43579783480934897
0.640208875069382
0.5353321798151834
0.46972958507075746
0.5708835924728816
0.476854185568091
0.029219565433041328
0.727598939327361
0.6527396602782815
0.6653216072446582
0.43020926475453813
0.696264034622323
0.31030201178912464
0.5105049253037465
0.35849720640144794
0.35864870441268193
0.31090899737282857
0.3983470171674892
0.36704303211196554
0.5934486053541675
0.7678671071778189
0.3390731637291524
0.46197691343313096
0.7587918377718404
0.6076850286232924
0.44790509271501544
0.21680404526983782
0.712266147869275
0.11642823385546924
0.5608130139807479
0.35173856753110777
0.565376289305859
0.4243768187148847
0.2829889692227806
0.36483430994383254
0.4862385548942003
0.6038119430852085
0.4488885111716562
0.5315747494939376
0.2840423732428982
0.5059345038101809
0.6059664532979587
0.7002126541174383
0.33655968251486235
0.4176417136491053
0.7010504133502351
0.31163959244470496
0.4073216043266453
0.7473270055046952
0.5486906583133057
0.5322217626319383
0.4654561620918778
0.5132713994183461
0.629110352263222
0.6110090938664983
0.3568347140752524
0.6444485764091336
0.4110928542523435
0.6405637653635647
0.21999691774331603
0.8682980015715889
0.43466483106590864
0.6074572456487286
0.22124255778319485
0.4530947521198247
0.6130972657926688
0.42737412022591
0.472344458157322
0.43017168275364875
0.4051868211492676
0.5942633904440351
0.6449204838369242
0.32106686012086766
0.6968299832673508
0.5305814090948582
0.5525475399209505
0.4196996841148369
0.6101063654462172
0.39588605829301976
0.4927579148485755
0.6561903699021638
0.4734263605737496
0.5413820681119299
0.8968586046324394
0.2760695101967
0.6005850055298931
0.6026152653430872
0.735042135464856
0.3057691410499192
0.31465729420916944
0.17005561009834635
0.4231697986522557
0.5446740961714709
0.5015587233705392
0.4011416706784387
0.5073802788758051
0.38775294607858674
0.740201917055171
0.20875645303156992
0.47642415638707886
0.613283474650281
0.4500343268004685
0.48399731886704084
0.13924190885805854
0.3721577852797178
0.42608428036428125
0.34794603891359693
0.4827330494944367
0.38908619800296046
0.4354847894859667
0.3568966895451989
0.5266174065773583
0.5128256097714319
0.6181853782011284
0.419065050559435
0.5479681185228282
0.5646943177150368
0.5456029325828335
0.3991783235859873
0.46372395278792994
0.4059103985943647
0.5592564381762979
0.4828468583419931
0.544562726117158
0.6776357873471328
0.4640834019344849
0.5417789959799137
0.44266235037058804
0.4772587692278481
0.6040218460637368
0.43554714411446943
0.5815827690737256
0.40541606346789155
0.42004460694045326
0.48010756554489614
0.6167241434659569
0.36759165598998905
0.6102164919459196
0.4290023851107737
0.25558090249716253
0.4217988564628455
0.4968584863545599
0.5990683428144343
0.20319489430284843
0.23073596774090416
0.5138694689259993
0.4042028320065774
0.5522163197357253
0.41248506622319886
0.4155313298129259
0.8069027286019914
0.3685994142149593
0.8170832078983634
0.4800397729922881
0.522855548721969
0.6283993731829369
0.5103308219302372
0.5395945421018431
0.30166835688486576
0.42024708139267614
0.4798019243937464
0.3731411271313862
0.7563421239117394
0.21429032760236044
0.6892518515946631
0.5263553279796753
0.39395313164441764
0.3460955896183379
0.4854093735574417
0.49957270283209
0.36622889974673906
0.5388939253806244
0.6047614566309363
0.47160510594028276
0.7531604853809446
0.7051572849366308
0.3325918442881998
0.5303051459376877
0.3062429750454431
0.5831899565437921
0.6653479441593564
0.31272887602812355
0.4757374133824062
0.33650571689581793
0.610550653105334
0.496704875222894
0.5010894630623672
0.5019263457953163
0.9008977580384041
0.5070845714395797
0.5154894213204626
0.7735400753711261
0.8296591971119345
0.498356322188952
0.3580980219065611
0.2939382372433081
0.4884415507385716
0.5313964893892262
0.44373541412401535
0.5542077574220541
0.21147721776708095
0.4779211556415132
0.3842837963834114
0.5268146182073867
0.4505852752525566
0.5522606835751859
0.5634131668265558
0.4016216900746841
0.531550303310918
0.17050797550258945
0.4097069565528937
0.3852992481913823
0.34567269575233023
0.6801582620373634
0.35243989129766523
0.734283363567211
0.41205127091447913
0.32955124312144096
0.3540404202186226
0.8175172252984269
0.40956189699037193
0.7043461856727411
0.2672826250164636
0.46778379942220494
0.5416400702570944
0.3284469254396936
0.699055511487777
0.5516406265059417
0.8284052615276496
0.7535710787597598
0.3952268380066981
0.5305468274077374
0.3348281006488104
0.32331151659980834
0.4946743976023491
0.3530394648546086
0.35271406962604684
0.3333572055156336
0.6901139300043105
0.5699697545065704
0.9553597505428115
0.44622292919569306
0.7335354234380237
0.44159641416960926
0.3923358559706641
0.3726598559513459
0.5950484486801948
0.5053895556643412
0.4350909457854414
0.5035023235959536
0.4498342757893553
0.3142635421541757
0.7372593657099122
0.6771944280738613
0.7597405595094235
0.4058714637612131
0.8316013053497809
0.7639670335113802
0.3768108185176601
0.5003724892300969
0.4376270468631599
0.7111290142433022
0.5218917602990737
0.4559007008449306
0.759524561168497
0.57014664931309
0.4602932864122209
0.38848568729193456
0.21286530970930173
0.45194203908618447
0.41635669102512674
0.45588435939496674
0.9148917063240409
0.37016259166221555
0.6073433591461173
0.8381329134814315
0.5659762088720511
0.892924320896676
0.7118990689642181
0.656075922260001
0.45853908422857503
0.5008141948542189
0.3229845848390378
0.5904981752349131
0.6075740778261957
0.2432111165234883
0.45866100807710986
0.5767126889560772
0.5550054488340277
0.5623696698367124
0.7598812290768959
0.4780953814205763
0.6262366682662459
0.3250754294253131
0.36923220410053625
0.16338979889609612
0.38324214981337434
0.46769609989129746
0.33329990010826627
0.4905960205403824
0.3410598707981607
0.567506025344001
0.6477817972419323
0.3167901593466698
0.6191199414401201
0.5489839733072805
0.4139160670183486
0.7786263213153198
0.5344877875963405
0.4308740794623453
0.5311975257977513
0.2544911023429861
0.46581408881348885
0.7162847706062938
0.5113720317251074
0.5302328842344529
0.7595550118289623
0.5524291538504482
0.45934229370126756
0.6970233921854281
0.5376630480200482
0.40248802917327686
0.31314914790900505
0.4709824377281714
0.4751838282632028
0.5433699323110331
0.49064958403399006
0.22903190141007185
0.3690701804446696
0.34888765046892056
0.2898900726912196
0.1715052476853916
0.23008111135352785
0.4477086499462951
0.3292861380654869
0.8481145831159782
0.3266516071805047
0.6291657640888962
0.4860845702199832
0.6145714492508056
0.5282375603157359
0.3946850392708066
0.6103107972214932
0.2009751427635833
0.49371996996967393
0.4529650772250371
0.3927030063443921
0.6548090352946976
0.8419628316603577
0.32476882854971395
0.5787755742827577
0.404722565106581
0.5082152381490743
0.42633172425114846
0.8369849894312215
0.3235625321943958
0.3783521854870456
0.5120522409456959
0.4148969010927923
0.43170501855629206
0.6009470628479042
0.5269699819028878
0.44605460374623407
0.38943889881919147
0.5108773523978121
0.6858641587938448
0.3282723543429299
