0.5438882598795749
0.5630847734904001
0.46742016708491035
0.4926995046308433
0.5771281538615981
0.3313423406775071
0.737967500211684
0.3062573715781914
0.46609164644143436
0.46107924190486343
0.7762123426218654
0.5597929502016312
0.2765178090016117
0.6771480934019378
0.5996219090503613
0.44640586992041925
0.43901496131233836
0.5273808112133727
0.44827131001039994
0.43120980391157654
0.4326138408709799
0.3521489339453641
0.4780132076813472
0.6209888954193525
0.5048292880325547
0.6671882439355814
0.38619858398235246
0.6587591827151287
0.5394590847954082
0.45134300311199455
0.5250878802182883
0.33089414126461353
0.7443422302011009
0.28164958142305224
0.5330666051473728
0.7067038411364424
0.379301955481444
0.49217190508107095
0.8596104707607228
0.38365022014617584
0.2196372262705747
0.36502186085204597
0.4742676050969333
0.880648980091054
0.27671251061479135
0.4841549678739498
0.3862806455493098
0.3582423320031402
0.48071249879157346
0.5400114348392775
0.5048038926125276
0.6433876468174977
0.8499897106425118
0.45662796768005015
0.37528960425095437
0.16798445058302713
0.587503523858508
0.9163811206671588
0.5147038721583483
0.47223407578762255
0.45146204810814256
0.4449247103957065
0.29137398905598716
0.37539993208153827
0.4486730068675879
0.5727222892754671
0.6564525216005295
0.7495496322439161
0.4763828501982434
0.3679487252150074
0.5478089631650609
0.4572806627297495
0.7966806217268991
0.4847352589467639
0.4155404460401621
0.33766940081468183
0.17845667135195686
0.33344854678679886
0.5629400451369788
0.6469086107107196
0.6370358521984616
0.5553337947050114
0.2119896184534788
0.2676561811625083
0.3788426125249749
0.4778499717180969
0.6571035633090412
0.5378874541007159
0.8101231306068644
0.509651503498465
0.8522328003636598
0.32647586848101773
0.42229953594773034
0.3210500415586379
0.32364146956362366
0.4725629767778396
0.5603373492476864
0.4406295539205062
0.39518165948268796
0.8165525024854194
0.23895958098379338
0.6294170455290249
0.4161217114522414
0.43781857828575227
0.6449489423690591
0.1932494164600142
0.7456687319553399
0.6557047561391132
0.269486870191402
0.16548599790536805
0.807677812829116
0.501131384266146
0.4281133137961322
0.48057082437084436
0.3637377379593431
0.4353832817242019
0.274868283466076
0.6358127379077532
0.8507479748604496
0.46050965881740363
0.34863502987570694
0.5339514020657978
0.5006968934220672
0.7245415547676946
0.10812649195222218
0.30987107778528794
0.5883387716594191
0.5441852056762049
0.6057521520385842
0.6170253034814377
0.6366505909965465
0.583892807497667
0.4101386857143225
0.5516956116637286
0.6092634071534373
0.3690853996355033
0.338424148160179
0.8461096433831756
0.2546377905243826
0.21851166227238716
0.7937585352372805
0.541482161919494
0.4251171690453172
0.2767968492442057
0.8514267440982324
0.48284145707263176
0.6195707779756598
0.25419563542293294
0.5010827461917535
0.4998762983871419
0.5270233151975587
0.39490148309208545
0.7390007479558263
0.3622289061641181
0.397058979792754
0.43573525083225967
0.47074388141777007
0.31212929693649294
0.5392992986585906
0.8759040980980515
0.48596672267324437
0.17812618333787456
0.5011524494067937
0.9483325745726228
0.39396564542620294
0.6152582302070755
0.35921559279430604
0.773253903760583
0.633500815088348
0.5007619709968756
0.37129242666474105
0.41710435662343703
0.20853090937327995
0.6646704000504396
0.7719416682301725
0.6147031318221284
0.6417152299681196
0.47186614419455414
0.3972847375624907
0.5469250140574556
0.33048083492064284
0.6164425181498892
0.5629670167878305
0.36853968923434005
0.8230042734110421
0.3637441313496721
0.4397021967754233
0.48430260941278536
0.7023023335632523
0.5486650415258432
0.32528560182574834
0.4913000852095254
0.26989471079669336
0.4375810295890453
0.7888821878039505
0.5466221110668671
0.5165376936779345
0.5609928063572095
0.3756904221925352
0.6027408134532258
0.5869217348276442
0.5460671901893751
0.4283763930374127
0.6144819631863572
0.5388448194170911
0.34159350968125
0.4359744563921344
0.4056130892935559
0.5465745774397068
0.9206846418301133
0.47236659975610856
0.16940381531269144
0.5792593275242938
0.6778751190462968
0.7242307141232838
0.398841168377261
0.5371143738368762
0.7337046115404665
0.5583762072140765
0.8180102475623643
0.6426421148532516
0.31225684764726425
0.46416177813228077
0.5731248729905978
0.4232720937900435
0.3530189066406405
0.6804433498557358
0.43710676841955476
0.34023628708139236
0.32327104932090206
0.28914505513685135
0.5634470802383318
0.5532478405710541
0.5961898204862668
0.318486691547501
0.20616765101160262
0.7039523261310852
0.3160204290049432
0.3763027079893232
0.5567406674389634
0.5595650282607365
0.47387260431677725
0.39507053838394357
0.6646579975247725
0.4805629727908547
0.5265398972290075
0.4505860953541796
0.4401666926422241
0.6322026015414366
0.5065504738515302
0.4711038837569609
0.5061413874064933
0.5006779011193293
0.19043780794909015
0.5748704298159216
0.758597743076791
0.5342882535757065
0.1794937718379126
0.47337473659064566
0.506549554155723
0.43705668132585995
0.30115005418240237
0.12795150613973005
0.5666346785569211
0.5013768821451322
0.4809351095163559
0.4959178698876522
0.6760316552438823
0.5827135979054132
0.38308901932002043
0.5127686455496425
0.42755757021704577
0.8920689134909623
0.22706485239551288
0.40577861147595684
0.6438776242017813
0.24840700859551712
0.43221884354355944
0.3815738984753506
0.6733287890216041
0.43251778550495484
0.5196194407672355
0.41816501365356107
0.4851143820553441
0.28180492608972363
0.516135868217688
0.41524446600649534
0.6361942436838214
0.5575764900942194
0.419864821948866
0.5201574664471379
0.48750366875016926
0.42947450847403584
0.24719755138524585
0.9412593314852118
0.6989066069112884
0.684072090072747
0.35774465653191945
0.6239847644714135
0.3475655419359691
0.5320052745385903
0.5038756153489119
0.5100822012416497
0.6046087591240196
0.7387805411076891
0.5417656796961228
0.401728123171043
0.43336643390673857
0.6256549253549835
0.49780810468062386
0.36152008622585774
0.3234632089362865
0.419823572435284
0.28218383959585613
0.5683354972633674
0.5480761742850668
0.2873660290343689
0.5201683210851822
0.2106895319927825
0.2729172454743103
0.6200970166461399
0.48488763681367314
0.4427422751456203
0.6964797349524809
0.31690752117712817
0.22416852326067044
0.32101220430015437
0.45034220723821367
0.20111730439713982
0.550024266695199
0.4533886559888362
0.3904608108780983
0.3651625424353714
0.7100933997539276
0.5796118466935964
0.5081777943752502
0.36680022696606257
0.47086107475399536
0.23603151254336785
0.44599268837020883
0.4265127423604245
0.6813837303926573
0.6245604881226359
0.5293958813539758
0.702797557943095
0.4777216525212867
0.4659238794860804
0.601500411903266
0.5593826828924254
0.43550400164448483
0.42385910847583236
0.660760739391794
0.5618159955907862
0.3512659607658314
0.5839330881534858
0.5025641846084594
0.5622259146391152
0.5313661837516355
0.4019517770088102
0.6258546765177129
0.6004105449683189
0.4745779389526694
0.5764059168674668
0.43128765085002535
0.4450418027293956
0.3287393399752154
0.5616318284605801
0.8097306256285641
0.30957531932162796
0.5280252945161512
0.5893979011702346
0.3885760608400761
0.38875664768600543
0.41452418006001546
0.40717014261936063
0.4946807177358904
0.8799702099634765
0.6669939278153142
0.7020360545467821
0.3984113385583111
0.6756558712500411
0.5051396280986701
0.1858437546788041
0.6701405844611641
0.5722116834676982
0.663103807287934
0.27211881665207527
0.3417287584447089
0.471845236948715
0.7243990366537554
0.5817584204328421
0.25352432089694826
0.3345453566678856
0.10940801374741055
0.7439614688551355
0.43542992854208606
0.3387889800416449
0.8223628300507226
0.4152585543844445
0.7620404116848184
0.44680485135579406
0.32598490429334104
0.6038885663953636
0.41688345722869985
0.21957931672602793
0.43807137300939036
0.38203468922676737
0.268773448705642
0.5495472638767891
0.09610979167057987
0.6860529988726631
0.6752015662865007
0.4957785043963734
0.39845773781729243
0.48440318615115147
1.0084048820637947
0.7949893544891637
0.48137012423257847
0.5776358182477087
0.46183608890408673
0.19622782656443122
0.38926026966994964
0.38283601124660993
0.5588184108095025
0.48872779298273317
0.366640627097381
0.42266208605110944
0.7881986844425174
0.5365134326074421
0.43674660800209025
0.4365825039519875
0.6218316949667122
0.38091283482975435
0.5094161764676284
0.1454450976226529
0.5090129759607497
0.40605886981660366
0.3322779226536188
0.33569816522715945
0.5678561842141334
0.5186769909594886
0.2454812022038984
0.42526352286666547
0.571941029806794
0.5774795245263631
0.38976404792238817
0.4862643703513539
0.6221021489679404
0.6261354234412604
0.43581866203386954
0.5068550318805751
0.2602423709485926
0.7407078255422404
0.745155040856295
0.4322159724256635
0.3226772755452002
0.5674660782522513
0.12275834475310327
0.5013775345455477
0.7630897599733688
0.3600784552955368
0.40972726884363686
0.6256408570788122
0.2954868522231926
0.4064174405251082
0.3820374048905632
0.49648130858576195
0.3755764804496388
0.33357432449468793
0.6669102935042461
0.5233244736680709
0.4659687493961985
0.3938816453364933
0.47223095852935415
0.6310524670398737
0.7643793519329205
0.12755634138736455
0.7753287591706517
0.535296278859893
0.36940335930153945
0.35309615044621423
0.4726523650211647
0.5076281740932997
0.4611145273460896
0.2531610616714862
0.01745559757849774
0.3505060616943677
0.6240731173437765
0.4098702369197633
0.3570978808173084
0.5035339736077596
0.5176145835344368
0.41810119184008676
0.6359455447695346
0.35284283386741055
0.6804447643684126
0.6972801147247928
0.49969470005521543
0.24375194867790656
0.22488312930252657
0.6454552136538966
0.22109958772651223
0.6525469482712338
0.43888943402164193
0.29340588776863646
0.47637807240559416
0.679595445462946
0.6292984114866303
0.4202949720230962
0.6877630729026738
0.4784508958498175
0.4277633778624297
0.24274414284550477
0.7399571762368375
0.4138520008684984
0.44313725660846687
0.6825084927496896
0.30471877940280684
0.5741904703947868
0.25187470145680146
0.4743220431207681
0.41728502648537436
0.5504852370922771
0.5395068905373517
0.44018580834500487
0.5035722335680889
0.3279022819148676
0.9673384283351036
0.8663773435186264
0.5056635155830129
0.5335133370023231
0.2682209046773295
0.4307726579330756
0.44833855467117645
0.7099794021095331
0.3505579739758201
0.5212432605271754
0.39076278447556495
0.624172699073287
0.5895043622672526
0.7171770242255777
0.37112954474838433
0.3041564523235505
0.45648992099621516
0.3128223089857951
0.5187194132856041
0.5026830137277188
0.7012531271157094
0.6245663067554914
0.33362504809207505
0.8036261847955899
0.43608643436662775
0.5487531399450775
0.5388993718785579
0.38277987047547274
0.49123115401824125
0.18630590463541197
0.649229632772858
0.7877712102292296
0.8006932327698786
0.2716139414198667
0.4560025223582106
0.49949194993432844
0.5062880803680945
0.28551427479638175
0.647124606733642
0.48898868746599244
0.4239121065756337
0.4421194611027557
0.45664483193505356
0.4514314777791759
0.8884621284934738
0.4610127282625974
0.7662766300996449
0.5201576034981126
0.404055838509316
0.5941302589860397
0.5454488222023027
0.7108044759563563
0.4584433075956591
0.3708479628880994
0.48853397182405045
0.7143133037097008
0.4663553440556607
0.4294391930582714
0.34147040430347725
0.7525823965229826
0.5420086569202275
0.4944037586368172
0.5262679655194745
0.622923330917945
0.5063147798713282
0.40219397032971915
0.707976451670991
0.46270383193528597
0.46982727677046543
0.7626343381839631
0.8581089783989603
0.622291189687617
0.6934408969854136
0.44519983852072886
0.390835941737201
0.33561741412468205
0.4164463233155773
0.5301996377755778
0.41663176477229946
0.8095196261644839
0.3770201153493451
0.4840346969436836
0.5972163970903497
0.5015458133178811
0.15541567111751392
0.34835162610009773
0.27484844832559624
0.4541917183178773
0.408330842517576
0.34897725307699845
0.5058523410186533
0.6638983714371007
0.30368902288448196
0.4758040451691413
0.5799160899335407
0.34305514579682483
0.24404517059959685
0.25347997882339784
0.5521624207563182
0.625008118371075
0.2505947248363769
0.4180875941949074
0.5257335342878247
0.4564084684436469
0.556282417453718
0.41854991847900075
0.6177715860412741
0.6436940796760119
0.540124213568804
0.6451796754248005
0.23874514700395405
0.419232826616053
0.4584643621007642
0.511168650285359
0.5866533394077506
0.7845765613146228
0.5033183612045614
0.4422021551180887
0.6293802721076904
0.5218026920335933
0.7195026839774055
0.6421030736754825
0.42870244428624893
0.4252715311651286
0.5864948941555552
0.7641736583514271
0.5715234417818439
0.6569389966127103
0.2540883159587498
0.34534290482300983
0.21230626559357735
0.4261658102705024
0.7038826467642809
0.34931636014263884
0.5357888463721819
0.7860215427982254
0.2591600651142799
0.4800766961158248
0.5986279934938651
0.48408773211788
0.3804879828434441
0.5269061410904894
0.30868632827974496
0.47347866361460855
0.4935141660196254
0.8792184156809962
0.5045560676942129
0.4311888902888903
0.3048242946824675
0.19694586354017035
0.8096322697823022
0.44719085512465206
0.5229861723544386
0.5096974222594817
0.332167451340064
0.8238681167346598
0.44317309895385204
0.44785196297188123
0.5958629453307513
0.30410456261832053
0.5504355462702959
0.6293953370780215
0.37415083973903795
0.49233558001411704
0.46939086347960035
0.5830451679454297
0.7465226594949355
0.7063438511093153
0.5052644344077252
0.46106732746346524
0.5456168884762022
0.533958386055195
0.3964743137181807
0.5183113513754904
0.6422438916645407
0.5859730324142368
0.738191200653984
0.6849788758306825
0.567707033807102
0.39672244043151056
0.5961393293587046
0.4775913075719245
0.5672325738474527
0.2888453666418124
0.5420998455720746
0.49262072843001903
0.500271852833448
0.4965623112300638
0.4735343510806519
0.4078605987581376
0.6672076898350289
0.6230016500263577
0.7290027743383967
0.44473332445508984
0.4593441876004686
0.41613486875202965
0.5279104232018937
0.47516124036363117
0.8105130744051107
0.44585290167262814
0.5266196903083505
0.4529745525232295
0.3296134441431613
0.6574726610607671
0.5868030490329231
0.33019800172163594
0.7153903809632325
0.7898391385687008
0.4339448518107132
0.5025906403860558
0.2978426449176911
0.6943986143328771
0.6870500587851124
0.6568364432437275
0.5964315697786863
0.5021677003360365
0.4760243024048344
0.46753330881135724
0.47524212795415177
0.673758988236879
0.45264528166003537
0.4051030109282008
0.4478774444782915
0.4796495774347088
0.37930981882418846
0.7803543837349378
0.14487072424704261
0.3519340319225862
0.12901868590325516
0.7229476353432498
0.5883988969437115
0.5035482188576433
0.45128863878965164
0.3163951785192224
0.7152432759123497
0.3352220661887453
0.5933807481728643
0.5715816728622264
0.8587298167900304
0.39226537577585796
0.32193238470417024
0.318258001113755
0.6177611497236958
0.4381769383343854
0.40729188343013234
0.7010191133932365
0.40551468987294703
0.33785452188406273
0.6309450246545587
0.508565274647347
0.516324119098996
0.3384567457490701
0.43150043206413813
0.4192616961800024
0.35974893783058554
0.5451056819139442
0.5289864043707664
0.5325580702939801
0.5181090706130749
0.4645564581496676
0.5013619699984245
0.6179503456306124
0.27733442784725576
0.5858881708671492
0.554647090842047
0.5182332179857867
0.39939428701323687
0.7652300168881454
0.8648515126369104
0.3859594682355037
0.6372742784142671
1.0634524091809059
0.4754801452654225
0.26182000590289756
0.8854087456008787
0.410730616458546
0.5310441915268407
0.6902448193303592
0.5498801326261593
0.2391027328710838
0.4219385058562025
0.6353431265100089
0.3728143404448353
0.5354379830458136
0.41914787924548047
0.5188456930111818
0.22375241873987922
0.17317914344973778
0.7973134471957715
0.6257678744727965
0.770364087129874
0.7458943324366756
0.7378124302500415
0.3162793575027337
0.5126352244530251
0.682918931800428
0.6233370482829158
0.64339379165807
0.28573624936331776
0.6410908235235158
0.3695060211719591
0.42515233579540357
0.43153696918598694
0.17886979641412948
0.7302934361339006
0.7529768841400735
0.3952033139846754
0.36677943465222596
0.43794496572180786
0.2579678358645402
0.2832488549822481
0.6351464802153808
0.5094673479799898
0.7252357760748955
0.9992072834938376
0.38326447227607696
0.4059478525146575
0.7260937394506621
0.39057157807013954
0.39606741689395464
0.7095457734690082
0.5723096734016088
0.4491067721584443
0.5868733875746419
0.49971531257907187
0.7090131017412087
0.16674365588460094
0.4405221126957509
0.2011028438099437
0.3873963342195289
0.3775152656037134
0.15469015186527757
0.270104372003106
0.28148049635710737
1.0439802391865634
0.5450622418753356
0.3275888119693555
0.43361208911619387
0.7715581756038802
0.43678394742227555
0.6109309482062046
0.3542461654684147
0.41040618789180505
0.4657256402549791
0.6263749966029687
0.7194971075636625
0.349704887496181
0.5996507669821131
0.6883004172070797
0.42307844231694935
0.4722001471016535
0.4046908844819973
0.6531097533243063
0.25270738136487475
0.18421900727915574
0.531471147979559
0.5208215498703983
0.45074722002711676
0.5250905210947215
0.8255651473088573
0.5141030400627306
0.950984927513219
0.2708439545365452
0.7095981245399658
0.729829016146593
0.40941529943871
0.5543347156218923
0.3836756325000382
0.6650713588284077
0.566191548026248
0.5545494609429638
0.4617419997680981
0.5975135385868008
0.8075673978655058
0.3046360328501698
0.6335634586267673
0.3627065215200779
0.540867144830028
0.690551665394936
0.604211624717452
0.7134990238626617
0.4071588472880341
0.6177972153608406
0.370574180769654
0.5844391859748661
0.2425852845050278
0.3828919387373006
0.462969846757617
0.42956611653013854
0.2803069238363882
0.6408697070912441
0.5108594590197462
0.8161866436298355
0.39306478987472687
0.7579804945696604
0.2634712277017168
0.568181529231099
0.658757068001823
0.4000991572479008
0.5675181839927754
0.9202544178295451
0.3976441744553597
0.5577091853349828
0.4982643798222901
0.5294588414740024
0.41829910907838974
0.4707153175583886
0.7631947177614137
0.48247326286055514
0.412841383932256
0.7099913658714999
0.32952512320567773
0.35377886449533835
0.4241769390038735
0.6361018611195378
0.1533100189179254
0.5832100235755421
0.20509457683514748
0.8287219555936864
0.34672565959748625
0.7587994953871956
0.5256690340196895
0.400502408149579
0.478870593455798
0.6685639270285424
0.5069050165707176
0.4872975479903456
0.5642136856406608
0.3840505787404551
0.5128986523646317
0.41440058429965365
0.5049139451298152
0.33419343165637266
0.6520471040756985
0.548268812348836
0.9952964116897303
0.1707438969582294
0.5213490403305867
0.5048995671096299
0.5386555176268526
0.5339030167359964
0.6163482465337631
0.31040952658415516
0.6509993189281373
0.5209499979212846
0.7961553728625135
0.44450759743476526
0.40823008810793887
0.5161794022362962
0.6835209572490248
0.6375371280681945
0.5243003952431848
0.4705252639485707
0.619806480011887
-0.000725592997429525
0.6536663965849865
0.20915641322587375
0.3099084524498869
0.7827683382140703
0.392420371810514
0.38873622640477684
0.7389449208750967
0.42350939076760946
0.6974532749630675
0.49285816223501483
0.5881426662337459
0.3511721127531418
0.7108108106340116
0.4852120484760522
0.6925620327919151
0.6863639209108654
0.8052359530694497
0.47101718165054113
0.5780094727890608
0.4473750796669393
0.7143349241815538
0.2153122246315397
0.4614861934041496
0.43342370348104525
0.6731997553970437
0.46794089180391735
0.43829151040211417
0.3400735182739717
0.5237808711664441
0.5013229831619805
-0.013666166062000606
0.8547405073114243
0.5965557121726695
0.531636465793718
0.2856723463454532
0.5571832577580427
0.6294125823595791
0.45067058142017774
0.5277907119258027
0.6126445466603911
0.5395683303630865
0.7088722637382721
0.4553875111832785
0.6286401081340958
0.5717037336255506
0.4173367596632052
0.6805032395354281
0.7905608680910468
0.49451440253112905
0.7778216367128574
0.80424633774466
0.5867633674324866
0.42482677543957764
0.260892652458145
0.47866184014718144
0.3235131352818705
0.46416511696109425
0.5924651608385092
0.17099899497387555
0.3142468115437234
0.5240151878481671
0.33614260971302085
0.49321170347912374
0.454332914041267
0.46924079778526767
0.6523680322910288
0.3580797301370177
0.5396902313331542
0.5575083629874122
0.5739649121172365
0.5530270740071819
0.5632645381732981
0.2815508647477687
0.3959462348390475
0.35285006366791233
0.7987806868406613
0.5623360871803789
0.7008733675089833
0.33530013731674574
0.3122293862422664
0.6091687623968565
0.5655695111257673
0.6624229898582277
0.6780037804509567
0.5689828520282756
0.5054051168425562
0.2454083995923766
0.7785142722868363
0.44965006357255793
0.5099515307126992
0.563540811155455
0.38621378529554845
0.6661290776419868
0.4934875462406577
0.25704124891612873
0.6380898237031751
0.3636525573995598
0.947669097153427
0.3366305823541799
0.7496712679256023
0.3094270827047364
0.3033823720749062
0.5135993731767108
0.5121346702717751
0.41867336973887054
0.5579802538157238
0.4077842640518227
0.7148059463210985
0.5119955279362474
0.4400398523108693
0.26207825565712345
0.362493583183464
0.36853867168864834
0.5318375457954754
0.6900039030846608
0.5346941414357327
0.5858386308177821
0.8204244379679517
0.6434753073399586
0.9168011701867592
0.3395324174231636
0.5465258311842556
0.545020545243194
0.37676979829236823
0.7354146464136206
0.3244142811858129
0.5927673754831042
0.3287445406840538
0.5536480599385316
0.506168033795974
0.3018224815860249
0.1909401340144708
0.31574881449234854
0.3117932819197973
0.319055143466311
0.27349835297096253
0.5498463359762753
0.6641386205268502
0.6208688058566687
0.47216483010051497
0.5415455810519806
0.14432786236763956
0.4857261828266897
0.7011450167378379
0.3043178781380804
0.34275436101628814
0.4483181235350365
0.3111277246284792
0.3621054765384257
0.2709903875981356
0.3985747883129017
0.37307166230663086
0.404570462945773
0.3445133240417025
0.6021851537185594
0.5840606954243998
0.36772332774057764
0.07942293721837479
0.6030093605017177
0.35665870772593117
0.4780125202806826
0.5092699912016341
0.5006779694493695
0.6710101100712766
0.5614206845430814
0.811000523914879
0.6438224829439063
0.3091744813193506
0.3572711224939104
0.49096425707248464
0.20337360928563114
0.7672662927297624
0.7327356043075326
0.43662470414484705
0.24851949528245498
0.3601323175631697
0.5290156441251748
0.5165952173688879
0.4879384376166624
0.6220214753403619
0.4046632718703534
0.49359777227880913
0.4536416461907184
0.4907134513471976
0.3998901233182938
0.4108753305491674
0.2870141039308725
0.423080934841881
0.5713837418922386
0.2762660126806006
0.7007803836277764
0.6694353445606926
0.504012143936932
0.4658951581225968
0.5157691655559449
0.23313052676459534
0.4088346860327134
0.44444437357454364
0.3928405227642909
0.20547870915367922
0.6403053224139035
0.47180115246492754
0.3406821033939425
0.6691672376956888
0.34419365766221216
0.3913954144846729
0.7306012446859427
0.7975447179360617
0.3249562936097487
0.6008683486966204
0.4380038232038808
0.3436389797059434
0.5769189566483868
0.36205447634796023
0.6094390648874686
0.48550803827251826
0.5300134622194079
0.4691789793598892
0.5626420373040835
0.48134632383681336
0.47818741738700005
0.5356769833581849
0.41886088380983216
0.10931466591768735
0.7833067306000696
0.6205206532162597
0.7156911171241794
0.42509114747232063
0.6607261442309278
0.3110037402110757
0.4848003315208746
0.32827148103975773
0.3423085504474446
0.3238076125853528
0.4267657914765169
0.33535366825097707
0.5779083693526654
0.782244461193778
0.29395659669253565
0.4856501436811622
0.7816715966749088
0.6448301286924372
0.4519581998596501
0.2582900452596208
0.68809669104895
0.13510670434138466
0.5136860211485628
0.3431936093017874
0.6617887641705149
0.43437954579398824
0.2659471758991318
0.3648972629986331
0.532062735310185
0.6012854358084643
0.40905896163900074
0.5675413956411925
0.28882413532052115
0.48408958948500486
0.6511771750468283
0.7528860855242132
0.3218934427366847
0.41901189594938165
0.6636135585483741
0.31775719497192584
0.4698810914459513
0.7958818838813051
0.4349920493628247
0.49492276245706085
0.5719053272287341
0.4709305660792174
0.6381490442727351
0.6186724468041467
0.4213145898605201
0.6380755369192356
0.43671439439965104
0.5574295283944273
0.26030706036938034
0.8625546849059819
0.4446755840838465
0.6832388679577133
0.1305854553609636
0.42063620280725894
0.6906999971214887
0.4502439448210568
0.4433353427002914
0.44097220586596125
0.4378961877960326
0.6007127166531305
0.654059242431055
0.35885312149076737
0.6549066091442737
0.5643413102826147
0.5515657469268712
0.3739890605704563
0.5846369473606852
0.4083551836588814
0.5518294174108456
0.6447129574341128
0.4728377664894956
0.5247481628911876
0.8384396745419955
0.3468630092558767
0.502251533069807
0.6852548976199159
0.7557710276324843
0.2386852013215373
0.2805601562324702
0.21251194525530925
0.42576375154118035
0.49725731165696824
0.4511510012911078
0.34027772029157394
0.5115828346303606
0.40691418096278426
0.7723203121946973
0.32454483259236394
0.46983963990316185
0.7322139862600399
0.48484109424000954
0.41841703928372415
0.17779975373797452
0.3822158670396439
0.4337082718494619
0.35947529629561753
0.40010440149699
0.34255003641713594
0.41861213419483473
0.31678178974692767
0.49861088036793777
0.5053273728406646
0.6399202229689134
0.34891010278956675
0.5522796370092816
0.5843055593233921
0.5456297115613229
0.447409214274129
0.5088565097180342
0.5390908901200164
0.5503072923007573
0.5686606614559602
0.5483123672027592
0.6667498591913228
0.48766347413332506
0.518352324382461
0.5256272536275512
0.5008271212279882
0.5699253212780739
0.40879561960000177
0.647783446970229
0.4570121201556033
0.33238601972602116
0.5041415454069629
0.6302038525418636
0.3551480203544288
0.5692097698051641
0.5045632478465327
0.21863858172677658
0.4279403052402199
0.5179488979264644
0.5118324807629716
0.23510457489736258
0.3440265087377892
0.5335648459997158
0.41825540602150096
0.5141476872348802
0.447526228503444
0.3497396661387631
0.8003923371071346
0.35777602085880256
0.7871035306111769
0.47434907134149656
0.5048649022728997
0.6017998205219974
0.5021033697466222
0.5475033733346
0.35631849649196895
0.45083643852692407
0.5372100970040463
0.41841620297176213
0.798321941416309
0.268268997279854
0.6443001641699513
0.5355179468752876
0.44509228622218205
0.388177370820854
0.564188001023376
0.540768836827817
0.42078753224227433
0.5925047466683815
0.6418719192382498
0.4143033879074976
0.8632264874248932
0.730669472729452
0.2882006702239404
0.4881410509869548
0.3412253198865409
0.5602289578167808
0.6298175289899111
0.39374859440790133
0.4161498560216432
0.3998947807635989
0.6786449294853218
0.4102385383362038
0.46948159580895216
0.5222700199545594
0.8749676079771556
0.5546478284740095
0.5589282666170965
0.7846647887130949
0.7257460983893841
0.5339307805349298
0.3214531490116134
0.24731655482822396
0.48553578177030704
0.5199621455402577
0.39275125507967484
0.5304392654963208
0.22450115556678757
0.4773790848573977
0.3802600418167413
0.5143912000376292
0.44310160246642566
0.49936137865059854
0.5876228606739158
0.467490567214167
0.5690620761458473
0.19816907680834966
0.4533160596318629
0.3876751855936496
0.3043660417765838
0.6671424407096131
0.37418844573565974
0.6540868099270367
0.36642755322138515
0.3658953403701319
0.24404891684826308
0.8582713788137515
0.46672257802277123
0.6874473329779813
0.25509159791659236
0.4727571289989227
0.5337247365372677
0.2519665851823949
0.6807329897023857
0.552545237645818
0.7863978022975977
0.7318773610507765
0.35939908087389305
0.5113988443451787
0.3527247022146431
0.30642192376046684
0.4170716536876046
0.3697220460789656
0.3595157021763074
0.3409379332841375
0.6669367514995499
0.5907034210634636
0.9318650610372263
0.4290219997135289
0.6992347560333985
0.4304533727041066
0.38043593892137767
0.31940541742782097
0.5713773800955237
0.4818256483135723
0.4570115397949716
0.4887387454983713
0.45052344784666526
0.4030521101032644
0.7413609059608235
0.6600329336280328
0.7100371011579434
0.3766169615471457
0.8372775712702674
0.7666003899858134
0.38579082541465276
0.5395665463356285
0.49854080703405085
0.6521892370257254
0.3805577125290574
0.4595150108122295
0.7099068079014708
0.6143600421326132
0.49590018258850266
0.4460018059089842
0.2200752911245788
0.43902739095566273
0.4147349264734657
0.45187389194751665
0.8357098878864585
0.40836405094917577
0.6115412102443774
0.8806780157741321
0.4825327191606061
0.9788194666236514
0.7320891176048911
0.6609929839389184
0.4610701153076631
0.5142374204865097
0.3046862489987498
0.6356090372900034
0.6739374952664019
0.31132119990622903
0.43378178077769575
0.5048337740753366
0.5352522333859091
0.5367388682796421
0.7762927360192351
0.46791736093160613
0.7399112616963848
0.3784693022815729
0.31981756026331326
0.1972248708845939
0.40515315281234465
0.42742210207985976
0.34794120691209013
0.5490125641675766
0.3330514704586592
0.5677923739383446
0.6875292896408765
0.334447037455179
0.6219882213278123
0.5831652678625345
0.3395660799032845
0.7625192696086034
0.598152540923452
0.4540840046952615
0.6058525318152552
0.2822666278869916
0.5244123062731463
0.7154023291648135
0.4653298248475876
0.5781919937475204
0.7057643397474926
0.5164914618619081
0.47733246585366834
0.6569244957972009
0.558261512224123
0.4452277819737149
0.3392711053558682
0.5037027715271827
0.48106523844309484
0.6023065084968084
0.49541357200666397
0.21971609918810947
0.3163909983728513
0.34621023153393266
0.3353008656342173
0.03940904826446873
0.20394997646000176
0.48651002414440253
0.27334649959866614
0.8815480745535256
0.2708403413381763
0.6160055207239599
0.4540911552978377
0.6452939768978987
0.5620203696875903
0.39397989225639735
0.5800501254175829
0.21344026528436982
0.48058076711242464
0.5029077818295594
0.37910885892401275
0.7270480698466149
0.7973699565843102
0.36733455968481415
0.608422042960105
0.3224017340407079
0.49788370547997757
0.3336372016316497
0.7618542252240645
0.41887877520532235
0.4203236956978982
0.4718491441374809
0.42876024833625503
0.3652866739129081
0.6499602194819003
0.5262083768315726
0.48320894287012844
0.423034629370206
0.5407284197353139
0.6658213516508324
0.3675212007864795
