0.4764583540136064
0.40619656525887066
0.29663779208767715
0.16482047516700113
0.49165830035138497
0.8931680938804665
0.509978580145201
0.6008390708371476
0.7477212206673882
0.25825261706185176
0.4141072333699441
0.4243647992403116
0.2760175445805388
0.3134195909916314
0.8191712270519376
0.7445805313001732
0.39968762304391453
0.39820271035359434
0.6895752722435127
0.2706796380916939
0.4619436543727627
0.4439474864980559
0.8033625840952083
0.27620947208349556
0.38535110553671886
0.8709007915708131
0.3098945344605336
0.30716388136214984
0.38091719716117617
0.32821402045711107
0.24829883887434095
0.49539229431395265
0.44379523968932816
0.33414789691877106
0.2328361416265322
0.7364762138061828
0.8858985938809467
0.3261856505474478
0.47814969766735965
0.6563710709433621
0.6279347812048275
0.6805216225306414
0.6374600259631155
0.2669237494962965
0.5693912464711961
0.4304399807873393
0.5905876250119364
0.5927441715050095
0.22409260124151664
0.5926452483751341
0.5831554457196519
0.4762932865320129
0.5876546556165181
0.3784868007111543
0.4599044760859144
0.6388111114025785
0.4482155604112313
0.44222826046792724
0.3915926269665461
0.4557313048193186
0.23251831189349692
0.3855471691423819
0.27453436117211866
0.6659597536507882
0.6269847762300347
0.6789411761878061
0.25415803443291557
0.3967524727584782
0.39381889302543543
0.7966475242654261
0.6600829266744068
0.7838245224967868
0.26505014588191905
0.38524328733408914
0.5639120069443095
0.4882903594571909
0.3122337423848341
0.34730914537417884
0.43008308275820883
0.8573486006302384
0.49744614484503885
0.4581201738539313
0.41248189829463205
0.7269285699264296
0.5428491635428792
0.49457207513551776
0.5099906476987794
0.27645032381182005
0.42170411124753526
0.2882059937926486
0.7327303531537614
0.5024444034808728
0.33020950429759705
0.21717435456915007
0.3815141758751956
0.5016865341176535
0.581858014260534
0.541751447254766
0.603010062845186
0.3779947213953128
0.4890415675830925
0.5064398789501989
0.4957444607921902
0.5453022413930908
0.4394716543643053
0.17773300573448303
0.42144205057134354
0.382963388194717
0.6629508059084509
0.4787064280413602
0.3704088209170372
0.377796774078562
0.7344731948377092
0.782854420813918
0.8049305834177602
0.6447575066207076
0.49905101207992625
0.7505481813431816
0.507483037603514
0.3575616884961223
0.3953259714134355
0.37238514970481124
0.34387819619231125
0.6487969192244513
0.5893271815008907
0.4886638186110508
0.36831321114301196
0.18942971758982124
0.4567406450780392
0.6510045143983045
0.3874839100753612
0.21087676683417494
0.50868933968115
0.5866874667467877
0.3543365617741152
0.7230457338826624
0.5988827707208515
0.805432770840631
0.44246229501904405
0.4821653822665512
0.29838032292981015
0.6028658317515094
0.6912117545994134
0.5359811819378555
0.3868567698735818
0.33417521303376535
0.8311889728232233
0.4391957606381475
0.3337036419993142
0.4253891482088456
0.18735659012808425
0.7628689097127175
0.6369863361239543
0.19960425711012303
0.7120616420007836
0.5437489021237094
0.315294867487305
0.328849044324713
0.6869600566780325
0.4453283098326773
0.40239102957228684
0.41437458320814563
0.4281012632986054
0.3681265136490317
0.7462222092545638
0.4851075239059022
0.3671514082912329
0.9237756072754948
0.38288687467239096
0.39696717410544163
0.43077305522409454
0.4251319446009677
0.555461986603704
0.5521683088521927
0.7042324562337474
0.5533757791675906
0.6735253167494586
0.41272344950865086
0.33098264249585985
0.34624317595821763
0.6334797124947587
0.6498545920497711
0.636137682508787
0.5861681918302462
0.8735162669107941
0.45517816317894594
0.5319498396701756
0.6242852299532073
0.332476084228095
0.6826191641766806
0.9784064834343631
0.5861608612171403
0.4262874892586154
0.5812466947193728
0.7259947169933163
0.5915915994375467
0.9578758013056721
0.38422742654596226
0.36413347449568223
0.5782053381411535
0.5431044054877923
0.6360507552834196
0.18756064638419467
0.332211898114581
0.3066196476968431
0.6728797563501911
0.6920638075261417
0.7713964917447291
0.3761275964742649
0.4135758461762058
0.6436767679102786
0.5406028373435721
0.47253358699041187
0.8488136514757487
0.38259865571734974
0.8964157989481703
0.5526654574103779
0.3135439289683836
0.31107776881905247
0.5405770238523502
0.5438467405279054
0.2756206744964142
0.5103806191175452
0.6024667607652954
0.7349269261559381
0.5025565787466206
0.8197689504795316
0.2259666355627814
0.4323727325461574
0.24662836625094176
0.6335133507439059
0.3545462558009681
0.3598808412191832
0.6064367996246905
0.7538781062372818
0.4376779053923946
0.7106195522508245
0.7980110520458625
0.8429277664643557
0.24696355006180787
0.4095547868999973
0.7841752321455377
0.5550950587123165
0.6343743598460133
0.5412066011205485
0.7594919106363972
0.5989480394783612
0.46893297939541556
0.6152927125015029
0.3465447925190102
0.28260172035786824
0.49189429268893875
0.3595859539154218
0.4595409759148482
0.35769937091122483
0.3870620694358713
0.5214344403998507
0.40395834776771655
0.5360269264891282
0.47552677008291566
0.40176115615793784
0.5658294309118581
0.5509376350499403
0.2722643953684437
0.2704353659908787
0.5964535587057556
0.2652709454200787
0.2532220557243691
0.6791705578064723
0.3835585268306798
0.36561413837659396
0.27849575484833466
0.5793724143057224
0.39432488333453686
0.45948240679107244
0.8073074727939441
0.7158135299889259
0.5330103027248274
0.3210075349030117
0.642499423083053
0.30817980922725724
0.699327950323998
0.5123395057051421
0.9085254076485478
0.3540917958041311
0.7779401038696094
0.4486993189823669
0.5085138877755166
0.5520015930126939
0.6740575670489742
0.23209795908147463
0.6744250348110994
0.4934589922704234
0.29046659927774626
0.4837944451657214
0.6003273029483793
0.6109587895974127
0.535931400772799
0.5613172480846104
0.6723973560738964
0.4893166746868468
0.2853060052878012
0.4259021552267963
0.3298103101128923
0.6220434801425796
0.3273671338971176
0.475679574905141
0.20269672930684124
0.5777635800168641
0.3679624030498596
0.6492775519465211
0.6142760123089057
0.4912896599416214
0.7867035008798795
0.4288493194446717
0.452981273885841
0.7605091904811175
0.5399309689378606
0.6309752235570829
0.2670457497866572
0.5575429869641607
0.6698247139631346
0.5938728032710108
0.4859391298618964
0.6297850761856599
0.8457597302285682
0.4636745336933494
0.5396152957543188
0.5704054845282419
0.5758170319817333
0.7552020913671385
0.5413632739118512
0.7617771713622019
0.23617008105969445
0.5252374816149963
0.19641069194113692
0.4336795721572157
0.5499963014784723
0.47194792414698167
0.3163164242139533
0.23763318779966092
0.6233937669783209
0.4177514933142428
0.6113927190123571
0.29991228982713114
0.27888243391941464
0.5214070699397922
0.4967486904987518
0.23298400181409779
0.2070738884120166
0.48667581273853106
0.5798997780422712
0.35485589669676515
0.898171334121989
0.6496686194360266
0.2830515552336378
0.45524982270478115
0.5974498182001607
0.34215589091509463
0.3951372753276247
0.37076209000986515
0.5712524994461319
0.5996808381921981
0.32144973368240465
0.6301818992146115
0.5668462117162267
0.42486358580085015
0.56932453992866
0.5571095481354609
0.4775965330336703
0.748377633186283
0.45532820296204696
0.41753494274684855
0.6407405604687517
0.33758598699031606
0.434129211380554
0.5418887757346613
0.3573729885630358
0.700258807357786
0.427497763173542
0.43477194074279296
0.6487136510382723
0.2790514198304734
0.4841321092901495
0.3620121288612623
0.4657585680524771
0.3116956111193769
0.5506142586202865
0.3895479419543985
0.5936324234972434
0.41018869431017524
0.1555715095191707
0.7410781051399682
0.6193967268672713
0.7374084691012888
0.5510385362744925
0.3250927652998496
0.39450535486315946
0.6585343815663289
0.5465969933952444
0.7402628618446156
0.7414109137330265
0.7707841744487551
0.46915557649221534
0.11731599621103384
0.27165931011691125
0.6815586151522434
0.6521168699723141
0.36760498571663364
0.4796468409285482
0.5306303683859419
0.41223943187014606
0.5027747530597868
0.33746447330088253
0.599007892890268
0.7458499133800498
0.2920929401998615
0.8312324817152206
0.5003434659583732
0.5370164812699227
0.4303327771652035
0.6888472483125407
0.4830888848549573
0.46600151508973026
0.3512826182030239
0.24747864357751304
0.615497160489864
0.5026604319503989
0.40556682120598797
0.6477059606622952
0.41287879391379295
0.5897132489062926
0.4190292157712528
0.6223767378897558
0.4837972565496541
0.5036156925789176
0.38677918136381956
0.43381383549111924
0.5349229392775541
0.47939996720697137
0.2990249508104318
0.29424567810044294
0.3956556049856824
0.3512327448102784
0.0986544331955852
0.5290150286016235
0.3860867054974574
0.7812551641172611
0.4158641189830938
0.6528066233043754
0.6019941686963082
0.4373794372328052
0.492859706103418
0.21567667826508702
0.5503337090784207
0.28928327302973317
0.3489331626303212
0.6572649284036047
0.4744926449147003
0.2449275896357196
0.47269417488419824
0.5795473198037437
0.4887681312665225
0.6359456443016427
0.28536780811304296
0.7947927520627471
0.6195758917992349
0.712107856820039
0.8514466672818375
0.25585166380283225
0.5404258502775161
0.6758112122358926
0.6027422073449786
0.42926443798300884
0.20982847146436664
0.23041109732947934
0.7067113146312487
0.6814484087373449
0.702196334086481
0.4724980422993042
0.8033910838114853
0.45879285797299346
0.6718795796704586
0.4544216770050716
0.46260511296776835
0.4582198322290448
0.40275234068433297
0.49526103619553224
0.6259247573475673
0.5343837863325709
0.286543817790942
0.19388622885261506
0.9086020072052512
0.3709567632748934
0.5059129354762417
0.46846974442312445
0.6243937260983399
0.7386276448270606
0.40726296366166376
0.4094955952597012
0.43601607009884186
0.36031975203124544
0.5269677346989596
0.44001808002495496
0.6987649439603196
0.4505275895431569
0.6923414093723236
0.6086585993246822
0.7855551734720105
0.3750486086284291
0.7317789961061958
0.3895083313267084
0.6938651565818179
0.5048296135666442
0.6127499597177216
0.528463283531323
0.7900795329143707
0.6114012394518469
0.3930908996205294
0.5219060535145703
0.44979835253451234
0.3912854047589434
0.7568471462332851
0.3294221774655738
0.3472969307229506
0.34446341158982074
0.520390245751639
0.5151313065082817
0.3484324215070434
0.37294219192101924
0.37575330931772094
0.4448208150072639
0.4233326359416947
0.39767862656761704
0.5782899681508481
0.27274898766656364
0.7649661183478885
0.6420843211187253
0.4743488371251344
0.33964921751605087
0.2804300904491672
0.6253036089936628
0.421891908061484
0.1604571124819313
0.5181071786798879
0.5074312964295842
0.47311280283251383
0.6174204156805528
0.5353186420331897
0.44287496600853427
0.31977529515001346
0.30031981851788886
0.28544025317906724
0.7358853883591776
0.4016401648620932
0.5159860852863187
0.5312777961030939
0.38566606913860507
0.4528148747444794
0.4222631204518049
0.6816588983103622
0.34768975829902515
0.6317875344366479
0.4824450960823351
0.40867910376670935
0.6202519862518754
0.301337495820309
0.24063934710096557
0.37395757204240665
0.5104783865044263
0.5702721888242783
0.5552659648388739
0.6835147421796017
0.6952453670112644
0.3802188654596543
0.6048351561463888
0.5453501177100213
0.35106662899209307
0.3663720805725169
0.5047396986322277
0.6329025303999778
0.35901352736069375
0.7346374923102852
0.48393460198512817
0.788961432048289
0.43343228639845266
0.6118361941107258
0.328556663993123
0.594085098263949
0.4381237747846304
0.3943581303053577
0.4797927962387049
0.4497631221749464
0.8171061995882245
0.8080743725594687
0.6077376776353173
0.6951856289391466
0.35216040849448615
0.5192969601488427
0.5785061139835428
0.3394054428050471
0.7493648647845225
0.5876497737682866
0.44291551811783814
0.5418098050097804
0.6697730258725193
0.7156860547335585
0.4900369278401767
0.4474441306391925
0.6913344718482721
0.7618872716996473
0.5605372171795258
0.5794346123119573
0.31815353194150486
0.8088731963465774
0.6157003551789132
0.41466073574555184
0.35972056244204836
0.5645556766596703
0.6633025379014932
0.6344845923339058
0.4022757462069952
0.49632833970682755
0.7595668701284882
0.39973714191656456
0.6843697533070754
0.44445658386058445
0.5453990592051735
0.6272953249671527
0.43268475774255777
0.6283680039223092
0.36839907964836216
0.2769647165286826
0.3734131427938067
0.3941284249194766
0.2766931018012541
0.5393529685850333
0.38389450239740436
0.6017422910969825
0.5780308637537133
0.3601537269287001
0.4128725726074242
0.4166397074896798
0.6823155188474888
0.48758151887198664
0.6418914955412434
0.22761061502177754
0.8035012495238567
0.629280984537831
0.5920135459679392
0.42199311943670237
0.6291787978589378
0.4341922098470126
0.15408138737095461
0.11522397751805663
0.34410457733272043
0.3427782085959957
0.5108560526824515
0.3847387325416782
0.3845958052582417
0.7400110908496491
0.3581286404362705
0.5292964090014247
0.45722934437274815
0.6324496953872659
0.8233869449448752
0.646168451749404
0.47653540213724993
0.4737825270944415
0.7882317037914817
0.5175705512193949
0.33927228000812054
0.39931871535344193
0.7292803741301881
0.31004460373887205
0.6563086606911546
0.3619242963576758
0.27684627311185156
0.3507112484473981
0.5443691439704288
0.781739220110014
0.7763253172231959
0.5570226278230139
0.7366414205776202
0.28240471822058777
0.7940018605458559
0.5562825946762889
0.8032486857421033
0.36457649357184735
0.684001565166919
0.4909952732206338
0.6094184938716061
0.21934074380784552
0.35934278191921226
0.6709795223763009
0.28686930422388573
0.5280980985435517
0.5212900839254713
0.5153701556826495
0.9152655055528234
0.6540779871337796
0.4135666712572766
0.6719571221458462
0.4490274578024006
0.4499511652827906
0.553895417629064
0.8957983611532683
0.42509300406487344
0.6078759428197642
0.16579009549698565
0.4856772491231112
0.6180510263308527
0.6743611726910244
0.6311295760936837
0.43934026453352143
0.46961449157979657
0.5297221474320817
0.5977954683416609
0.43429995792098064
0.15743489513444342
0.6072562283018499
0.47281811743680885
0.42002357754008396
0.41480727802025275
0.2603570515119914
0.6865361712399316
0.6942081483406903
0.6095983413258279
0.23980393038165854
0.43209136584008756
0.3663794528263552
0.48810210676028287
0.5259351676424051
0.8308691897652074
0.33404370439872333
0.3500016565601492
0.37549765227067894
0.516692514440428
0.5546252410588464
0.30080536725068535
0.21212000749011672
0.5825418968952008
0.4092371989171885
0.3971457480807512
0.46106113913780006
0.4418222347090565
0.3868063935865074
0.41068443026649
0.37351590537503154
0.5446363608296085
0.47889549575740253
0.24687738502862233
0.4545257493126527
0.3555627669032127
0.561402960929432
0.4315423961557791
0.7377765065822619
0.4465865463777294
0.7690558924792512
0.33997261415938146
0.5972649907370142
0.5501647871584701
0.7014014018719816
0.5735123434529954
0.6889879045787501
0.4198311481187682
0.40078525697634165
0.3392399064275644
0.5533099671523423
0.44075648029143444
0.6543413717338824
0.6256892770075371
0.6113888231227517
0.6185392501826688
0.3686970105153546
0.5078118009189636
0.39379256268000346
0.2402162951788787
0.2624870266098509
0.4314760623365252
0.48014182195167593
0.8347669514426255
0.739819604087588
0.39946510159420995
0.9183496253116852
0.5004614286683101
0.2089125847419394
0.6222959648127386
0.7310166177388284
0.3636014209313157
0.8658112905969926
0.5880645288927202
0.5081498988356803
0.3655709463258521
0.21061325664708008
0.19475516735011428
0.6565615800099409
0.4382044587765697
0.4267199805428205
0.20501105072506243
0.469512081323572
0.3036415438345651
0.37250716171955867
0.302685179257725
0.43996682906722845
0.5160992862046039
0.18942723049832666
0.469597707299868
0.598104063874427
0.38577205666077724
0.4825913832808459
0.5704063136195343
0.13736152925501033
0.8494165488867595
0.6725895141055351
0.4588352112834631
0.38972777590722635
0.29137575127731735
0.423921150455977
0.4075125132552906
0.479437133362055
0.5426755151416498
0.5618894609240275
0.6276669938334336
0.41802687954386675
0.5683436022668984
0.6216690672947035
0.4396803469667275
0.8154448347527601
0.4900468756689384
0.4355966502672784
0.5345532128073576
0.23949816207106833
0.499183768660234
0.5083028631450943
0.39915464298965847
0.3828098636557303
0.6024070354539037
0.6537917896161376
0.41794892235674724
0.8997322218326402
0.17624539278303755
0.3538319255934601
0.301128549911897
0.13604720968093592
0.09610635153870933
0.7466497447935676
0.43807417862860604
0.346149065379961
0.4822770982553725
0.671552244493357
0.6389036788464589
0.33386204452041596
0.4658405865536863
0.5505500014517535
0.4253424473528638
0.7557925639453557
0.4320445717147907
0.36370136164502115
0.5926460595545993
0.5132584147292167
0.47649610465353603
0.6262118681171751
0.6797607128020264
0.30721453107628677
0.35320741300948605
0.5050821199183939
0.36320263590766977
0.6238862347571614
0.6585339200234144
0.28340803092272415
0.3793342607880492
0.6713035912276477
0.4021550552045292
0.37896786836773205
0.6270367294878709
0.31527200419040097
0.39303096804442034
0.5967780618932674
0.5842099270292718
0.6976092336022086
0.6457683689124956
0.6633321113821287
0.5149618940479206
0.4479988489310474
0.6634113415236356
0.5045154689090153
0.3898303209666815
0.5533899824903993
0.7951133037169222
0.5738311849570006
0.3710945569075758
0.5112267143116012
0.4611763371080707
0.44988232475502904
0.4301903238060359
0.2595182349097399
0.3364595460895712
0.5329393850309248
0.32096451094303935
0.4780065293755843
0.4104107510094995
0.2765098382731194
0.46926709332788447
0.4137920403950141
0.40630537753583384
0.3486482101911364
0.620755027635526
0.5338780461807127
0.505393748146487
0.5038558667246162
0.6873053517747325
0.6951783818867089
0.3877123383398563
0.6226059714310257
0.3992635675020766
0.3776026443283071
0.4826156938917986
0.6265132355398356
0.4664296956469815
0.6575660466099231
0.4027600134615929
0.43815713946672014
0.6598989192307656
0.4747169026940276
0.5585911837604085
0.5588580693838199
0.5012000274108293
0.7714523103170048
0.5879662782856733
0.4561743802615505
0.5609071256368796
0.4837273258946036
0.6121415471712841
0.4469277304548149
0.4998791654321964
0.6281474666936799
0.27383786765743784
0.5126375812650938
0.3716514150961245
0.31838132733231034
0.4454596898727066
0.3011959116524732
0.8473963692504989
0.5988367288247689
0.5007079414390512
0.44638794882732263
0.5341816827074596
0.32845981414538494
0.23752670029168582
0.5061691424503654
0.5277708500235192
0.4644195610739219
0.6598929673593079
0.4171138572597231
0.4564858098631498
0.6061480048843088
0.2850596713515809
0.5802823441535775
0.5598710203876001
0.3742360564146504
0.40316721880478096
0.2864137492819982
0.568776393222578
0.4844623266888222
0.3337826581320774
0.5864534349205318
0.37856828610296067
0.633938489077734
0.5528534948754054
0.36874831984714734
0.3592508710409311
0.5045953563375866
0.43024840088887645
0.34548794869393307
0.32321088172166745
0.7165500520431242
0.540956579424889
0.26355770134401346
0.3523982796818262
0.5770913787146288
0.5140842201462884
0.28704635367142267
0.32404051143133183
0.49353635013558517
0.4938052623918545
0.513534059926104
0.42752550813275114
0.4039391925865813
0.3750224987267065
0.590660051990324
0.5658375998670615
0.6260161919276206
0.4125606029673335
0.5290925399004751
0.5290734882153421
0.3947361452384066
0.3799804405201112
0.7148703760972149
0.4390592709088317
0.562193037171733
0.4271574814365273
0.5971649364939741
0.6313693213307363
0.6940642486486566
0.5847223351970248
0.39878229425539125
0.4100171082353655
0.5623798742891275
0.8397739789138734
0.7605707118524148
0.9476918637903355
0.5014601660734779
0.497866018623437
0.6699766477484539
0.31501092848852896
0.29025234006427714
0.4778825863115145
0.6545076503289174
0.6786733572170671
0.3317942420068132
0.6902314095422205
0.8397739789138734
0.5043929159854155
0.4396098655783568
0.6473486922119898
0.5651797827741205
0.6541120536618108
0.6549492998625434
0.4244552906480076
0.4225235987306615
0.6159692149275973
0.5956632673949747
0.6270003017864615
0.5084629634612402
0.41702071586257433
0.5605805628948148
0.7854941483792057
0.4185941803323324
0.47578317433561496
0.935337201130442
0.6813457053631804
0.8328347308175135
0.9235730227827035
0.2961094909550652
0.5913296115798669
0.4488693237066299
0.6003777255421113
0.7664948934842521
0.5719686413862267
0.8235712343398123
0.45074524610843303
0.7107092755182358
0.5648561717121243
0.7000810411544242
0.3490672894330925
0.575883619875955
0.5357800645997325
