0.48358637738056315
0.43818435838897535
0.3241068244482313
0.21569748701542918
0.5123435182848737
0.9188000238547944
0.5266201538479947
0.6199092332855758
0.7459182986965278
0.262721101992949
0.5048190529337659
0.38935944996908817
0.3584195225803542
0.3572436973730679
0.8367368159487589
0.7374209329765404
0.41557310572694156
0.38881240568221714
0.6918034540753946
0.3617433846415378
0.5182191566760888
0.4152112278873015
0.7308789476494864
0.4053788323854605
0.44726245654981023
0.779426309038644
0.31487599213130774
0.31370553503831783
0.31105226159966176
0.3090397351513163
0.24622685679611628
0.4624599538344472
0.4634065143835648
0.3958032925148905
0.2603988906128667
0.7104668988701779
0.8390401186097338
0.2632476806763923
0.4297760733682608
0.6848335108231707
0.586610839107774
0.6686927184881961
0.6713184456501652
0.2861309545429107
0.5313197926948856
0.5489491305285437
0.6412748266464452
0.555553872918763
0.18691203104321746
0.47941263854567323
0.6098346954369616
0.4676039891863982
0.6214212941272732
0.35853476559715053
0.47558831124433515
0.6405584993544614
0.46723979049965264
0.3988240646654189
0.42997851795016084
0.4599114686408478
0.22835721833076794
0.45816341998812365
0.3363685702558659
0.6728144646773049
0.5555588934652071
0.6938841927725988
0.2427542591468379
0.401801317032988
0.4720059750188102
0.8126953697413486
0.6944675257316255
0.780678421100865
0.2222215059579739
0.4547479383424516
0.6474878034083813
0.4688931099860795
0.31531039746509154
0.3173796854800089
0.5272417017126894
0.9414753591371252
0.4680110571597505
0.5723603517044367
0.44408441303568363
0.6899276012962198
0.535144728185281
0.5153024701957276
0.6141063044116966
0.2742887983643743
0.3246345836135763
0.30270398124173487
0.8177231849367397
0.5373663549285357
0.41117123318265575
0.3016863923925694
0.463937430872894
0.5318861352002473
0.6460753032480115
0.49423595917621593
0.6011884862908519
0.45589328213813324
0.543731596501972
0.4418003644826623
0.4000814840705747
0.5317116596685323
0.512505499923483
0.33916528261865897
0.4806684366589063
0.5280573782027982
0.7070129080026206
0.42468784842806256
0.4206766440538601
0.2977737201180299
0.7900781533022618
0.7557831747399757
0.7489803963231683
0.7269539030486691
0.5011293769565845
0.7544985132383556
0.5374967407297639
0.4728754818216338
0.3809576964457997
0.3625435505738455
0.40815841492042076
0.5791400628643512
0.6058840528212768
0.5231058924926149
0.3987817230779662
0.35795015218585485
0.5314920843536135
0.5029136805121339
0.37736567518532593
0.12214632061440106
0.5295192063825098
0.4755138629132563
0.39501831412269856
0.6830726025682963
0.5533402879867619
0.7821699804979496
0.40299646018975793
0.5818697644392177
0.2753832168893496
0.6100463966247156
0.7441780157349407
0.5091144225961028
0.4177410493638763
0.3292012877782267
0.8654063306397921
0.4484102131013798
0.4076918899207355
0.35449130268076295
0.1967476087474483
0.7718904208370296
0.6892851799555
0.1351491506750192
0.7415331467629853
0.5735445796633316
0.34123686826066363
0.33687731204633825
0.7519526304743287
0.4112449952244491
0.4034924799293038
0.5155541425521555
0.4702255655234025
0.3511484152645192
0.6717701967248091
0.43301475709037823
0.4136778518338749
0.8810863003037757
0.3706938972651475
0.4218629428683179
0.3990363721021963
0.37116831480233453
0.5022478420775984
0.5939474265061855
0.714533169653764
0.48001092243685767
0.7150771986035129
0.47558208834329
0.44428468527125003
0.3607413892342434
0.5798707857206944
0.5920197017511928
0.5386944794657764
0.5366622537318362
0.7712232224098736
0.4718517672088543
0.4886517495194688
0.5320420926709704
0.29243491871845845
0.6600565997538881
0.9286505216196066
0.637334392509252
0.5175813495943231
0.5852739280869861
0.6938869027420694
0.5594738117518174
0.8559208629567441
0.38270200919688874
0.3778460406916008
0.5829432871448978
0.60648725835289
0.6961073239538285
0.17721419163910085
0.3877111843902701
0.37383928768474634
0.6607038458742278
0.6779618898009772
0.8211985052361168
0.30268189193121114
0.4138428340822163
0.6699955474735297
0.540094878039233
0.49894884265879225
0.8914680718765412
0.39273225924510746
0.885942745668259
0.4914778993970814
0.3187566423061732
0.24423907563649638
0.48135818539116176
0.5238346261640616
0.2640564651656848
0.4988906358395138
0.5916398859260553
0.6560771289238952
0.4931356695167943
0.6954064778313677
0.1967509268517948
0.434615154803342
0.18355174433354315
0.6018532469199288
0.34944645327662427
0.3607460311768993
0.5499843545832914
0.6180937463360299
0.411152571778851
0.6673924656420689
0.7753030885931828
0.8074838269678908
0.3293875657822791
0.4036136518637021
0.6374586268219566
0.6257686841942882
0.6371587046134327
0.47508544888968063
0.8493161087753377
0.49519306545670144
0.49545981557118013
0.6674733825233746
0.29317957600354577
0.3084537758346879
0.46951301771970955
0.33779671844841014
0.40842136364269843
0.4579013689089253
0.42844018192059996
0.6359964014075363
0.4584743202227678
0.5236467100626419
0.5002283203816676
0.3699620432259243
0.5269191749338321
0.6065998899277982
0.3197584470856798
0.3389811711246363
0.5611737197958525
0.28618936278626395
0.3336778892041451
0.5993308676277924
0.4401122751246145
0.3365144278290817
0.2973490688674154
0.5339433497258466
0.42477036962971715
0.4274805517342668
0.8525305478340172
0.7279341764856729
0.4817276223333513
0.3334467254175011
0.5779556583173089
0.2717206208253633
0.6809248418421344
0.4058252010829829
0.7977416224474562
0.4690253540214265
0.8167184163556854
0.46410205966449414
0.4294593254169813
0.45366204264533727
0.6251330555018967
0.3978637522519564
0.6705644820624816
0.4911456704459818
0.38285480832860314
0.5467402441680265
0.5311031025525302
0.5666207166495678
0.5064374515584219
0.506454293123017
0.6387947310122567
0.45801427478437884
0.3389325587559987
0.3658539882529611
0.4200462851859613
0.7023338520516986
0.3932566350611066
0.4289728015835187
0.1493735082826107
0.5206207253387559
0.45765436881448085
0.7447614391401663
0.6339054637920498
0.5371128139035767
0.805842959731194
0.35158923950865145
0.4072710445523655
0.842318390717509
0.5908408426150471
0.6046454544240998
0.2867459113260369
0.4789520029404869
0.763844246771965
0.5679959099492058
0.4963043195383489
0.7123172618583749
0.7978981932302248
0.3844056656584453
0.5228985913673017
0.5494544490491795
0.5008155639164086
0.786959456597354
0.45593965531387615
0.7866035352032664
0.19399246571144335
0.5123642229623716
0.1613264105598917
0.4219207607843646
0.4661531055074972
0.5260900436350849
0.27865153121378683
0.2517127405097176
0.5731037454205161
0.40957125767946806
0.5032372220461038
0.36530301551847744
0.3182193602044876
0.44110070015221425
0.4448229930579014
0.2918438488637533
0.179297954521728
0.5239854471085028
0.4988396901021166
0.3846998355421143
0.8522372855997888
0.7885165774714162
0.18416908073302168
0.4528979051455146
0.5602045021230688
0.3259630753233446
0.43977456935516057
0.2502613777775893
0.6025280252524015
0.6304655025694188
0.30842281306687447
0.6229759841201008
0.6046625011780287
0.5355297327304118
0.6088929168941646
0.5609008391419077
0.40998696605768875
0.7420619676703505
0.4346356969378873
0.4642241969697578
0.6340028283691048
0.3982562217900856
0.4720366209252813
0.6307179153016963
0.32873212211290137
0.7099795648415794
0.43470029952960143
0.36327551032094474
0.5838454634042954
0.37926346001223954
0.4541021648020861
0.34397971465515675
0.5132653753059607
0.32820294499988967
0.5750453742508082
0.4570607996338655
0.6357669227252949
0.4036978192717956
0.24183185909768823
0.7353505205394539
0.7894651983661826
0.6029546776774042
0.6395155437908042
0.5333440898793452
0.4856215208643288
0.5563216967234892
0.5421028510005992
0.7099027934459354
0.7484262093818264
0.8246006524226619
0.6244672988919769
0.2547751477276838
0.24443581941693354
0.6992117995699665
0.6089945688948125
0.4062795872032237
0.4124522500797052
0.5958459897616081
0.4481355492242056
0.5461605454091676
0.4104402761891823
0.5268308039492303
0.6687645650430212
0.2404951725204194
0.8425863687414348
0.46270883235174043
0.6713341512227626
0.4394875205070766
0.7223081787389873
0.49415362802376483
0.5034663021121162
0.4264861077515217
0.2552875722472862
0.6465358844274657
0.43321868048208967
0.42182464448963797
0.5975402226332311
0.45900543990204795
0.5567621132382903
0.48322030220593604
0.6247389994712317
0.47661610118724607
0.5961358352091344
0.3430526375923387
0.45082437388600105
0.6058414283665192
0.42101831656586647
0.24276950087270555
0.279157185153173
0.45434733365701946
0.3392003069249758
0.1557404178498255
0.45932744483410815
0.3226448406317842
0.851091749193345
0.36955964475245556
0.6010374180880225
0.49656912435194
0.41798782667075934
0.5438852382906307
0.2812015669792235
0.6817353164580235
0.3082000357687584
0.37063983249138943
0.6601525471370582
0.5509069713468988
0.2667193840144036
0.5032510545216496
0.6138556180740202
0.4185925337135493
0.6078306432240118
0.22654071181613433
0.7504432257244444
0.5748442676983567
0.7181110754028053
0.8487172373571787
0.49695728700679265
0.514798222280713
0.49087711711441134
0.520504468413468
0.4932184135976035
0.29939250936860456
0.2664029621034417
0.8032475241012254
0.7123853251691964
0.6185147856273172
0.44751747127505975
0.7581025263715292
0.472614361682025
0.6295320524624377
0.4667374997936044
0.4463492775489646
0.41010677067890766
0.39831335036116033
0.5565416805431468
0.5617355744291976
0.5975970347460416
0.3827393853162058
0.24601230972415977
0.7525334935754907
0.6010875906205462
0.5569252077994508
0.40416279499729435
0.6269456211345723
0.7460162488317755
0.41165756964273714
0.2867060060448433
0.434247348508809
0.34945418595904265
0.5310824837221371
0.45796431089801964
0.6532559215245863
0.4154516148637133
0.5616429748923695
0.6909864061753804
0.7331300601371231
0.3266799531846444
0.7224945296705818
0.35731848909634706
0.6534842408374728
0.5097051650501563
0.4453925881231841
0.45515772223784784
0.7070114677032213
0.7083046276883236
0.43346891925175873
0.5271784427342632
0.48153476117919536
0.3383179705011756
0.7191185942539674
0.3884029746387268
0.4106233936948202
0.32760213072680505
0.5709973652458431
0.4153022338560428
0.3171448508395749
0.4158692597295221
0.33401692218456275
0.4578704890668856
0.41552898786813613
0.43548978617643036
0.5771799682040679
0.2792113821198107
0.6706187026107939
0.6316792566466385
0.6314880350665821
0.3431440442936708
0.3545358569399018
0.5998432087454104
0.31385026379911257
0.2335602408936554
0.5527379296791208
0.5720124149632585
0.4105084522618941
0.5354468764912403
0.45884425461145156
0.49255685593906123
0.4853082847375492
0.29476757523790603
0.21317631457699765
0.8369854500051344
0.39689625447103855
0.4104734429382642
0.5368866172200262
0.3746600975640045
0.44343708073291527
0.4252618496455226
0.6415190299925924
0.3048923364003247
0.5895990351107645
0.37855290576445794
0.3797958565567671
0.5867783124942851
0.3674646973206515
0.2211236773037834
0.3684512103759903
0.49274310867205057
0.5990141105237186
0.49469309681239787
0.7014097266636239
0.6946811777954631
0.4223687951523803
0.6034217541878801
0.5321226746106091
0.41792450752215243
0.3685624363368351
0.464791479940607
0.6473248041962822
0.3658753838611506
0.6249287183940966
0.49240281776341593
0.7707321320875113
0.32765677713377644
0.5402297823708342
0.21772101159858026
0.5051821332338182
0.47076345126551433
0.475147635270553
0.4815230116432853
0.5630716462502174
0.6582665862420116
0.7166104567084397
0.6786702072739117
0.7849786159286036
0.36131989945344706
0.4537573197192862
0.6136194353880029
0.36549078189870915
0.6817429129289718
0.6433670711393038
0.438997257367843
0.5203791441404979
0.6458032090980339
0.6012178505534769
0.4304739417580396
0.4528367518765562
0.6631152314427582
0.7539363815227071
0.6032443155743838
0.5399781828205318
0.4009169123317797
0.7888034252400664
0.6074149117696401
0.4033079152933205
0.4004493289507476
0.48800626457001367
0.6208339720855902
0.5025448074487964
0.42752087381299003
0.4418422671001387
0.7498531019287948
0.46735532950727615
0.6788056192538037
0.5005319093013398
0.5314988749766305
0.6740102274996373
0.34577529203888485
0.5734162732574664
0.4045747702099812
0.29901826319434416
0.37504499701418276
0.4583301352794144
0.29042090155701034
0.5195963571286277
0.5243455238169878
0.6217705979614383
0.57607319040004
0.2880058965381429
0.5272503271415863
0.48443189459528024
0.6539693426016177
0.4963694644841779
0.5798855059192279
0.1497800520619349
0.783493201914589
0.609351791765771
0.5369456182130805
0.4259781597056703
0.5703267212318434
0.41580011567308905
0.247819638053644
0.15416445121077704
0.395932580185541
0.2328298912553327
0.4844278481277059
0.43872303759260434
0.47164073699211373
0.8818280205344842
0.39823044055309775
0.5565557453974981
0.4922881771126969
0.501692739075987
0.8359203852705086
0.6272365932417013
0.5311253268389795
0.4859109136269819
0.7895772713229572
0.49595819461466084
0.2643951451456529
0.4563478204833182
0.7613340731445546
0.3555759524316643
0.5316323889549324
0.3973689731359652
0.3195545228404013
0.30852766579098834
0.48493701534027833
0.7906245769464679
0.8119461402014985
0.5442648713099807
0.6199021137995746
0.17255995526064533
0.8402339941327291
0.5778050763114569
0.8295974450163439
0.2520364112205329
0.636573751971365
0.48480051867412366
0.6635941205483149
0.22087114262159518
0.46721473274478187
0.7852237692923211
0.35628120036035926
0.47699619043054864
0.45999786697570266
0.555428260133409
0.8040782255230483
0.5347119767588054
0.5137540243729137
0.6478589324320636
0.38384561048459465
0.4874407716114415
0.41596287931064857
0.833097781159507
0.48399216557407143
0.6813737362736402
0.18574312658062447
0.5218290986681148
0.55358448543991
0.6413886725113933
0.594685797401851
0.4270277071574681
0.5203016054359471
0.7567101029956014
0.5685270292584966
0.4712177911386267
0.2660027121437412
0.6378443605521824
0.3805827607187061
0.45293245595229725
0.48417107905869133
0.37052197043760404
0.6289727256390426
0.6859642024431032
0.6088429164056379
0.1850672602119411
0.3886245611518951
0.37658793415344805
0.595716996911853
0.5499314114031397
0.8446029909901378
0.2075508213592951
0.31009302657590154
0.37188188960036817
0.5871386359055724
0.5749792677077068
0.27076912258259533
0.23803185772598134
0.4791346246315181
0.3742033622915897
0.24695833618123614
0.39731574358152144
0.4641283109279968
0.41131550449040455
0.43223298081923023
0.30567102544940766
0.5581032187649432
0.4469422924054324
0.22292154954852983
0.42022287762378474
0.4447807436373867
0.5600561986205327
0.528087205098917
0.7668528344289356
0.45215890244116197
0.755526019628614
0.3600117934578007
0.5734330701991468
0.5624541259852681
0.5662235253192173
0.544559670836341
0.7646918129915891
0.49358348087331033
0.4528588682687664
0.38934009807667624
0.4868813041457454
0.32935961301151306
0.645583217109743
0.6252324502371366
0.6565384597620203
0.6112835077524691
0.43193877330075015
0.5052632775568655
0.4926965426081851
0.2640811143709886
0.17673281983266442
0.42252387150330317
0.425004563694687
0.844595655169335
0.6862289533130224
0.45407453421235566
0.8740043664456437
0.545311521274234
0.30450221503037356
0.5951010403312943
0.7064540216869718
0.3270497157624199
0.827253769629294
0.6576115030522637
0.5139830171087767
0.3507849307262767
0.22806294164856045
0.2710003745509689
0.4473585749104584
0.5199221623598658
0.3795673024124737
0.291114427584249
0.4203325684670579
0.3891001493346848
0.34568266664184816
0.33912778435909346
0.5383679171477611
0.5750370779219162
0.22965678390677147
0.45277468865257164
0.572270652183336
0.4710535064042791
0.40014785951430054
0.4530725892782172
0.2629134655486846
0.9260188916432162
0.6283738415061916
0.4447577554146921
0.3881873236643023
0.30696371750024376
0.4338786695390335
0.41356462890367773
0.4442706491937045
0.47696012911691277
0.5036651360621726
0.6467576828555588
0.45938086047973836
0.6125541860571388
0.526845189475447
0.5327150266317564
0.8111323294201875
0.5167083487610401
0.4885582919311191
0.5521941089598371
0.21818147445307684
0.5127838390138391
0.4390072011208992
0.3489096857809032
0.464293310951572
0.6469419523921487
0.5105443758833914
0.44567688180691495
0.9229833592616951
0.24114762966318187
0.3057273240334186
0.1574332117984239
0.24013833180021427
0.09142308884296724
0.8616740493504156
0.4400187209884755
0.298086031706169
0.41931520480930573
0.8387137917544993
0.6497831472611261
0.441224573102493
0.468152028684859
0.5552600583181723
0.40797609198334944
0.732704404625865
0.4192944847710725
0.32940755800424104
0.6115426983581838
0.4340983066237266
0.4467341772546162
0.6816196040817457
0.6943135791851884
0.34909986982643815
0.3511859091743728
0.5045533098969835
0.3511674812767457
0.556450070756398
0.6662530328895777
0.37710357639621317
0.46695267640137444
0.7554327825293907
0.38345444739377266
0.3245536132166694
0.6573909362394051
0.24012419522945339
0.5319510975416841
0.6304676369029139
0.6421327996995684
0.655355967957405
0.6895032541050493
0.7155661503767159
0.4898712664428736
0.4631022607815334
0.6357113966066538
0.482695020189012
0.34140362619297093
0.5450361378395705
0.7434054286747622
0.5308575701316436
0.34846558615694023
0.5001447556286037
0.5275364111311778
0.39460458425463996
0.4372676658302168
0.33431074669934424
0.21441661381090218
0.5877413931936207
0.3251338950545671
0.42833500927090007
0.478364455788158
0.49080932194065086
0.4753272721207912
0.46861201607697955
0.3335177331143441
0.41268803233820794
0.5633385259118093
0.5060430808826454
0.587663059859455
0.5595791728758279
0.574322056308513
0.6785697673005062
0.42837248590606614
0.6453407357361071
0.40400517448917667
0.42739414891449345
0.48465893248936365
0.6263170862852016
0.44243120999274
0.6043002142171091
0.4713633097026192
0.4812800129935044
0.6022001169301172
0.45974072269127475
0.5180558830177445
0.5595517991203751
0.5461907170593903
0.714979519604269
0.5961807964992991
0.5008386321963092
0.6975072056508288
0.4033171403582547
0.6904145342376186
0.4529731709015543
0.5134751872218758
0.6333488008462999
0.36370403122012884
0.46983033323434464
0.4672601653655323
0.3329429723080173
0.4238745347722063
0.36322547396024485
0.8592931748639147
0.5951961389939986
0.3228118359197967
0.4789694225296103
0.5290826254847147
0.29552227250078406
0.23301919678497846
0.5499528395379601
0.564673241441445
0.49311345944203855
0.6645002917019522
0.3010324908403052
0.4066121770916337
0.6261435277805206
0.2863301522390019
0.6200975585715027
0.5686746596782801
0.403644089783885
0.39992778622203135
0.1617986957007585
0.49932572076829496
0.49252915688372184
0.314888041236902
0.5622533462468755
0.4326603660479419
0.6015568218888396
0.5184607652541171
0.31779742135062883
0.3897120609368496
0.46345732617783797
0.3856623188801665
0.42251060588481343
0.308906588013563
0.6555159857782165
0.3973994453199556
0.3454094332956852
0.32851799820095473
0.4484895079892955
0.5662339221081047
0.14631154884415526
0.2765424903606296
0.4235764864080988
0.5853858101850085
0.41660799700415735
0.38297153110322213
0.3375107549634493
0.42524258869772524
0.639004770604261
0.5936744338131439
0.5582344094181768
0.33098537900313174
0.4945231222011858
0.5405946633475645
0.38213272885812827
0.35139259543887774
0.7090771934062778
0.5661421198788859
0.5752104255339714
0.5016290609241655
0.6868824683821027
0.6909769503196344
0.7091948815335465
0.6486185811213842
0.3514006513471075
0.4546013205903348
0.4697339120485194
0.7743129477230422
0.7656224608285016
0.9410739025099739
0.5774514565463023
0.39363568677394306
0.6027469338429563
0.3393503738768518
0.26663271016302553
0.48214542079120387
0.6394259832319473
0.7470808400018001
0.30639976667372354
0.7173252251134727
0.7743129477230422
0.5581221265811036
0.4671571218139687
0.6528835130178512
0.5490626789861099
0.5665317253738167
0.6310655533970898
0.4672217870434588
0.4167983347142335
0.6941661892231725
0.5588823885879344
0.6566088591280757
0.4543866245796772
0.3696300368348269
0.5315047373908017
0.7583780831061666
0.40369824439405794
0.4649515791153818
0.8573604415386924
0.6820342910847272
0.8356006750388569
0.8001673478105402
0.24901131617192657
0.5633136687342546
0.5382533496127833
0.5283081321441683
0.7819002568179958
0.46505827009772527
0.70315968791137
0.5105270308725846
0.687260911361735
0.4852814945216025
0.6866498009020476
0.34297902414500786
0.6971994617679471
0.4504226041646904
