0.5228053573310605
0.3017572739035185
0.06718824796961159
0.48201185242048106
0.5518076279046289
0.6025440079460357
0.3456250665252697
0.541568753742116
0.6031355877449458
0.6844144801645042
0.3943132832718995
0.4544454464218849
0.28015296687048963
0.6138845913901121
0.6725715292479515
0.4618047868929245
0.39990381812064746
0.41364515019840664
0.33640863454634495
0.29542163229725754
0.5730903725127506
0.6029428480623634
0.6815489707462148
0.4504096225001366
0.408600516339483
0.4335183883245788
0.5459324446376174
0.46999831711907625
0.11204093724375658
0.40423253403205217
0.6132506616802371
0.3846554348463508
0.4382875618096258
0.4528073635571048
0.23705325951246736
0.7953115282598007
0.3546124665691762
0.5481700907055403
0.574348907367226
0.04998371813991559
0.6710980901097503
0.4763425329837805
0.408207473494427
0.336667434859787
0.5390052495228052
0.3401981221047706
0.36011920340002146
0.5290618281927365
0.5608423403560001
0.47604646921423344
0.5254431314594735
0.3852385139680917
0.6269702063443902
0.3344025380161946
0.7329479629513833
0.6915522129033241
0.4595617476256476
0.31080709828838693
0.44590207402050996
0.3643754711439916
0.6714245201298976
0.4572745934598777
0.4908321610067743
0.535253934968243
0.5941995059992716
0.3932092044286446
0.5924897520296457
0.45530401278676835
0.6641048582475578
0.5647675475912226
0.6181955646098427
0.4036607560732328
0.5803013141198001
0.6443313481324141
0.476361716360434
0.6524933805246874
0.6695889399123709
0.41343437594596477
0.6548152196597279
0.6778473500315908
0.5552062996517058
0.7225825357652658
0.44499186383201783
0.2423591872043167
0.5143902227500714
0.491930021585232
0.2870023613394568
0.5964352791806106
0.4436439643939536
0.4661795884552411
0.4064199761158084
0.44980552057741374
0.19112094031849386
0.35492606554196293
0.4899112530264198
0.7853240995160419
0.7500658623354772
0.43938182789143176
0.36446754771596157
0.727729988503221
0.38107714393801806
0.32752005302538456
0.18810329347837818
0.5042835076086977
0.4266810155333063
0.4197950899554408
0.7631788776458294
0.41291475514454995
0.6409506780282401
0.6021212534909541
0.35577869243765325
0.3590759052067826
0.5675838402666421
0.7630883900032666
0.4355638256370854
0.6175619729633078
0.46710235174467635
0.526691424027151
0.7853689017434062
0.3925925482094238
0.5038582533919669
0.48544206079809454
0.5846660344431072
0.6283297692841929
0.5303370667236251
0.5215984848758395
0.5256496443581737
0.5084707869743266
0.19438679468231523
0.4710315445923838
0.4752848583455244
0.47749129042327737
0.3837745494338994
0.4185587164244708
0.7046186379832975
0.5168173392726316
0.5474884597837466
0.7126639271023902
0.30948135950861805
0.4527901658363981
0.38783979289064513
0.37729536787574874
0.3736917500066144
0.5748077940574174
0.28926232024436455
0.5083868111663065
0.3778941378290194
0.31262587668463043
0.48410569517408375
0.6049545351585746
0.4835795867504638
0.609469607009478
0.24011309433707329
0.6319345785295765
0.4569207097829404
0.475269090368821
0.19875627533803103
0.31089271662786083
0.7383305381732185
0.5292866294491888
0.4585260901831835
0.5525434501315485
0.43187960151514854
0.14243330854861497
0.48040358718846116
0.4834169381292957
0.4464640258777152
0.6692909445578485
0.6109323592057001
0.5196980074542992
0.5515546398042577
0.4094966709683722
0.5612839285348352
0.43014240997906233
0.48826222661067004
0.5794234547956855
0.5571311772494283
0.4212636977082404
0.36559670496730007
0.6558477274138594
0.44715895535010647
0.25818982427036347
0.6404991855479907
0.5705057420618673
0.2767828581233323
0.5537607378972389
0.3012754481676067
0.4086404204643334
0.4850558256833765
0.38326837162540633
0.5135275498077316
0.5217978727090511
0.41769938187892247
0.47765709079880486
0.30553185714336967
0.4845793974556475
0.2532518087971027
0.6291533439564125
0.557674335467073
0.6244533226719924
0.5017449662778453
0.9186950208577851
0.6400275820569838
0.4065001256431709
0.5354990528277956
0.483151278892549
0.4677224688874731
0.4493385118712711
0.5882247880413045
0.5014845224263587
0.5342327143610006
0.5860063726534861
0.47878255482995397
0.8249658931547739
0.6183240206397118
0.5233483530886822
0.4758692832512789
0.5789263911182594
0.8475520207113723
0.49388413028395556
0.3980213645423217
0.5583940533653398
0.5363964729005497
0.4107882886633268
0.6943748492349235
0.31977449416050946
0.47269806765110634
0.26297424190941054
0.44742687859177704
0.7659975850476067
0.3851815313161187
0.5205112523393132
0.4914376010614769
0.3216044398443997
0.3093696118579345
0.3796219938370484
0.7957551265592455
0.26596779190780906
0.3871047326228676
0.7569139894422245
0.5487161746479094
0.6218173452794171
0.44768833056415225
0.5343354910997141
0.5508921467288389
0.7473035171905513
0.4313937215084369
0.20642107371207669
0.5309734082366285
0.4881051217256106
0.6689187448123389
0.4913811268740239
0.4626451703156592
0.48897553988159115
0.44364002769146804
0.653805630472353
0.3774609184599683
0.3413858663231093
0.4672157545204869
0.5022218259248978
0.3549639602183457
0.6031740437744948
0.5748858484839203
0.2883273889322175
0.6658229351948581
0.45381569216171536
0.5038453086921921
0.46925679269307174
0.645003133841119
0.5235344893246552
0.5247229971451798
0.28555909461989304
0.38270306904336815
0.6070301101655589
0.554063284831706
0.30849584587099677
0.6982698952378176
0.59397124662354
0.39474513842025616
0.6015917942275347
0.6939297627501558
0.6714778108494472
0.26118192761729375
0.4448806989535974
0.6431859934548277
0.39972561566766307
0.45509508457996195
0.4391543068315874
0.5117011051542425
0.4263334792138579
0.2605473350838975
0.5601000313012734
0.4642765335825273
0.5034328955111214
0.7483716716058354
0.6103808357810555
0.5475955105700732
0.7660022404960922
0.6333226239738377
0.6106249058484902
0.4133582373358319
0.3695246489981886
0.4624196350112907
0.6997591853233672
0.4460390057382595
0.27001301532445215
0.626428057177526
0.5392710709842696
0.4685866453004246
0.37608301590270454
0.36047989477231923
0.46628968457481745
0.4717748109990789
0.52664715466983
0.42575851199912174
0.6563441040660449
0.4275590373964553
0.38514206417941876
0.31374572321535454
0.4170170285112531
0.66400985869904
0.5771474636141354
0.27595970171879775
0.5760179708778171
0.40070514146208314
0.5665468895902551
0.563168476129753
0.5051894789188983
0.39702249588732574
0.4496696183534121
0.6056569364212355
0.35071410724939645
0.4528725514870535
0.6469699618590928
0.5598027626750424
0.5334682850473192
0.598462431573352
0.3138037662940275
0.5621908043977839
0.4558832338359504
0.8028441347146074
0.4189345061101683
0.6484201553356601
0.5118240723244047
0.5469736191903333
0.3319841210159822
0.38016421445095794
0.5945586271320049
0.6728026856898238
0.7411308238665455
0.30446333316967583
0.36115181606644614
0.3460736097033021
0.6101264776464361
0.4498205802506969
0.5883902708765112
0.3982551934404808
0.6017953487421117
0.24465078053009753
0.3457359053814634
0.5895995616206371
0.4178592077749386
0.4331768541003353
0.4872651102834899
0.5862829385220709
0.33172183934610816
0.32225685028547607
0.5842047236315652
0.7082906322452753
0.6306057110777947
0.587242121602598
0.5001670379875633
0.3697675297050676
0.5263692666211253
0.5486862890826523
0.4325423361402565
0.6237170706581692
0.7652249430751634
0.7616438815564819
0.47825059494777605
0.7566515915680612
0.38601421953032494
0.3672142600845542
0.5804308786903984
0.4499342295971461
0.8042381173487263
0.505015805085612
0.46194421606654673
0.5320023597717107
0.15825947739184193
0.45052467641617217
0.6229275906058707
0.6152010584545309
0.6622678590105628
0.7694407064756218
0.29916652716552156
0.3094448904582649
0.10707572284571298
0.4406972993387545
0.2472143664906064
0.5561269972819316
0.6416359708078323
0.4031179263002081
0.3442357869128238
0.6028352534173365
0.39763021576659924
0.6580489902218702
0.6012987964363883
0.8693766528574463
0.5617291542434182
0.5209656985919016
0.7557008607544169
0.5823067162165816
0.5395453478941166
0.3158525804181757
0.7822106230906816
0.6302712427933659
0.4451492919368066
0.5469390925439801
0.7963867693903335
0.49711657578014395
0.2982286697138958
0.67769029769374
0.5230351014786723
0.4187727386267433
0.39802933882155367
0.46556850018089607
0.4183014336659467
0.5027794285419738
0.4771842754230334
0.5739789611402356
0.5686119590787426
0.5423628953846417
0.40468857980205736
0.7041399507206247
0.42726852917587127
0.1593919670440705
0.5884044604048957
0.37992869062396056
0.5142492090457293
0.3559521759455118
0.5435035012690028
0.719457525263985
0.42264753349823464
0.23915889998944884
0.6533731239910057
0.26955629146463694
0.2146975958031348
0.5294789210435633
0.3489022183411266
0.3681578838063971
0.5862074345894093
0.5445301499248603
0.669629068235455
0.4522575520553121
0.7461946737894825
0.6309384545457353
0.48713832758203096
0.33920382516800024
0.2975321977499091
0.19864906213311978
0.49952628723311393
0.325150784967248
0.5470827664350235
0.39088677251719933
0.5801586166533976
0.2358959740048715
0.6609320447656305
0.3918141253129268
0.29073652982920056
0.6125938083369645
0.6731311871676505
0.6301978974948034
0.5697356213500202
0.3220714677243839
0.5273880167747631
0.4889509410648333
0.31431750578761464
0.5295008752177668
0.5660693161848857
0.4940576496410315
0.5215812929800275
0.2660342697173768
0.49099959200779575
0.5863574775252124
0.5350264253443068
0.4089158997268233
0.46721772663776506
0.541141452437589
0.614203187023745
0.6440465591854416
0.3827068582026669
0.28773172063325103
0.46735162141689324
0.7371030505464073
0.6549782967298622
0.42503512139852606
0.30739684644186693
0.5016325152267499
0.48000003075047515
0.39096702296592667
0.39379067531299816
0.7286667627717975
0.4815768963709458
0.4885227727086456
0.6263153217654701
0.5854635138059533
0.6534801632958447
0.3129621674245861
0.6755924527384284
0.4292681948426762
0.25767590325281375
0.3928685680132775
0.49387824377350154
0.786355875973786
0.4930980033819745
0.4721970300981655
0.7149537694811103
0.6448109727771043
0.41093125717163376
0.4995277050543727
0.7576752506009677
0.17365846726008227
0.6556031885467498
0.6514938161782933
0.4790815478549896
0.4816395183261911
0.5038469937536519
0.39695619216283207
0.32892729281971306
0.4462186003735892
0.4222831163952059
0.5501273077611187
0.5432546466715646
0.4120188798337292
0.5462447595838253
0.5621672899418935
0.42149565278610457
0.6127465988148639
0.7754459977306277
0.41038230101972417
0.5748627066321972
0.5195990045510587
0.5384214470152023
0.5932303933842
0.4253526414441252
0.48211996434901705
0.4757365376775169
0.5789322018333602
0.4685105119981017
0.5724267060690605
0.3122169196883001
0.5611993344950502
0.33277068436462776
0.7379767028017837
0.5632984918010314
0.3652202708404033
0.435285029698976
0.384783060408106
0.3444524099621401
0.6083836375854355
0.5644586220502423
0.37639644204357503
0.6855693323854829
0.2515076966365031
0.1947769663181107
0.5385415138284071
0.7441423430380739
0.4227380052954387
0.41127801007250353
0.4817105361256543
0.4250135905779735
0.5942260721325828
0.5293545030327238
0.2883739657790457
0.4271732079901467
0.5169749057623406
0.40949063035913924
0.6275800201991268
0.2848248627706019
0.46516979575932205
0.22282992779451866
0.35201843451072445
0.43652312130500925
0.5673564793284531
0.4764530983563496
0.7351947533370962
0.6046538196546756
0.5928924856950666
0.30206676945991945
0.4043366575832437
0.5214927150567201
0.4399479891016734
0.22782002499916304
0.4859098014757764
0.43785315605440384
0.6022737520501138
0.34073581475007103
0.4078412318878087
0.5005203089236194
0.4063523720812187
0.509543557645695
0.2769146777227616
0.6663758807497928
0.6429755038875522
0.31281369987047697
0.3792846863296832
0.43478891785866897
0.48759040645101626
0.18473407903540362
0.7560804469606264
0.4661321645832413
0.4447660468120092
0.6635433876637598
0.5131746044803915
0.5458346552962919
0.8398491427391377
0.5815391906840113
0.8559348905384614
0.5388546399522025
0.4801712357389795
0.6917995081546436
0.5519410987858693
0.31922124029994037
0.58941596190794
0.6238817962369503
0.5423469992825805
0.5883196915501379
0.3106606572626183
0.5058281648497269
0.6211794177228374
0.47392798425418287
0.4344913116961831
0.5346779303987255
0.455253237281857
0.32488185353524063
0.33593307403900047
0.26055625335180327
0.6953212269932241
0.5229565472352833
0.5051751303831937
0.5410614479444222
0.5208969053052879
0.567346955038891
0.5323311147247873
0.5084503535382008
0.4108973422882812
0.40134711057710276
0.5124393719185532
0.3570119310969147
0.7520309936187464
0.44712463605589986
0.42580898560106356
0.463134084357334
0.317437975528352
0.6328421472337951
0.40433416550673
0.3690401786292377
0.4670091276519804
0.39508069045403577
0.7069761300607171
0.5861835581936659
0.3883172951287554
0.4481853170909693
0.4770774966788997
0.47087388214070797
0.5465859271365046
0.39760188131669677
0.5553382413975587
0.45170940459946557
0.606948092815319
0.4812837259586435
0.3998928028422761
0.6502893690348217
0.36344690741061597
0.5267598083107807
0.49163262077065123
0.5509752974252136
0.5265657993698905
0.2981355787771129
0.469590283849558
0.49672378731435846
0.39472435677826817
0.5949840999085956
0.7242163006264737
0.34334766565156366
0.5628629949199173
0.4408270214469772
0.3715685418861508
0.3697389541860176
0.3883610819455398
0.4489793074012292
0.38246089493516655
0.5120197077895092
0.4713285490181975
0.29800741834314176
0.5831284420717227
0.4519031392204343
0.4986689579134282
0.5899800305877925
0.3498020337309759
0.7037525210352835
0.6673400287384423
0.48564364872778715
0.4158704508318868
0.4332809919062422
0.4889350219212539
0.5394865804410243
0.5228898829430106
0.752470606569122
0.5497904707248753
0.3410828662817332
0.6327956287200811
0.6480360624297892
0.5863447009451799
0.7124452799269052
0.3994289691438205
0.5498258055838825
0.4834613693941337
0.27701739071759174
0.5274226724446727
0.4783169006175451
0.5701667468030973
0.5392770600751777
0.7163024148705106
0.27510551981444337
0.6087234519886282
0.40409281496534794
0.4576017073923476
0.4835012900425035
0.5225949107669869
0.683748414588361
0.6642561302638486
0.44456547194524426
0.478424447261049
0.6458781218018228
0.7526055418887054
0.2723220952014392
0.4031222672103499
0.5280079836163989
0.4185166281146075
0.6384306630092067
0.5804176759142847
0.45245175371022567
0.23097762310401154
0.6894919977023732
0.4442803579250543
0.5294017595269833
0.5603837877406164
0.39546663820589617
0.3576466107181437
0.45631447045445234
0.38565760500201146
0.5693618783654204
0.40482319801321537
0.5164849178162669
0.314354862977064
0.2543111778554534
0.5671436090222595
0.37341461370240864
0.354750318445419
0.44390130758325635
0.5800212027054594
0.4720076667642141
0.6668216911602374
0.265502490627078
0.4527812687620479
0.390962069496912
0.5483718584345685
0.5750810724382218
0.36227054742507553
0.46998126297651494
0.44025580329658226
0.6503787083493002
0.46015001692398066
0.4142869932790568
0.4817489635360919
0.2851180614754701
0.6385019951366222
0.4797969598227863
0.4906450464270425
0.46451263489570466
0.5612162939470839
0.5505737173584646
0.2857802905886843
0.6107032223019664
0.39984826543207513
0.45256765666466797
0.5199459748763712
0.6184584200646694
0.6123597993186032
0.28969592196531263
0.41968482533000234
0.5992413233349538
0.5913472204746408
0.5627310104572179
0.6982306585142126
0.23441921409986338
0.5401328039766109
0.7220565784646948
0.3320862953499856
0.5969383226405962
0.7991190825192447
0.45094865104081333
0.5451424593841712
0.6837800012577451
0.3549392093029546
0.6772615370009805
0.5378396530502503
0.1706507969857337
0.14596851643430553
0.508816738261145
0.42200587100232206
0.3977391509527884
0.638487202865921
0.5172246257904995
0.6395701485802503
0.45664362304689615
0.470480300824557
0.41607171575055707
0.7570506810111877
0.4072322343463645
0.3032479318032419
0.561987081612731
0.241525364556968
0.573713421634986
0.38422121132173664
0.4271453355707269
0.7228956600005347
0.4232808554596174
0.6506289074751443
0.5752349908045773
0.3388259948008992
0.4666388695244286
0.43872317583817494
0.5134685381645139
0.5606865959706593
0.15932711802037586
0.5554442217642481
0.7391646716007716
0.5810665975133751
0.5064889811762578
0.5244034278909548
0.4376837311976352
0.4930829099691841
0.650440983239124
0.12384899683289552
0.44757807937307553
0.6920581630957716
0.4836701839870044
0.38285556813409144
0.17237858217250918
0.577937776204754
0.32109901977078686
0.6271916613398418
0.6605029018103985
0.36432989499503815
0.6852584965403465
0.5380066485603092
0.6803750050807658
0.5094135029571163
0.39175729635498474
0.6586376853701366
0.617525612187336
0.14839509166222092
0.6266315178694689
0.42039527201964716
0.36552305796704726
0.4479135001922661
0.31094087254595376
0.5704603961826228
0.5841661124748941
0.34813703742011776
0.5319756572470749
0.47012409222046475
0.28832272334919384
0.4361175949701938
0.4902203753264834
0.5351729744327121
0.6135421128932441
0.8305725163038014
0.5281680207897788
0.29511572009039005
0.5466033546631064
0.25353288147797376
0.043092369528754504
0.6477899823524615
0.5952453448016453
0.6619141273435929
0.5379507524248427
0.43029638555177224
0.49243501719839283
0.5159773878127428
0.6316069284899282
0.41923799551360824
0.2768816119798661
0.9694910192593253
0.1932984472796928
0.44120823814378224
0.3235101762256449
0.5161237138452817
0.3615973698729789
0.4308427423668199
0.6291531995951922
0.42421276779569445
0.5635854313167705
0.7356700682899764
0.5335284825856235
0.28755389960262423
0.7237782266013468
0.39837028157850723
0.4409521310700146
0.6478194422635601
0.7239477976658757
0.7134620893477945
0.5901779193622321
0.30278042970168945
0.4860759974787843
0.7786893241806083
0.25710162417770155
0.9118783872191836
0.3356225807925676
0.4768003917715899
0.6034378625977164
0.8132165212185125
0.43042610229605466
0.3986177094665813
0.5949473569880468
0.31732991464831256
0.5287565611596466
0.6493065021489703
0.7681713632443377
0.485182255538546
0.5609021248021534
0.5680490272164015
0.4534206159569816
0.4492704710227041
0.4241748262632872
0.7275802469075081
0.48281806316382053
0.4830927919565303
0.6168395224242257
0.301826657276722
0.45636717678994354
0.6495368250503379
0.6815329124928753
0.7545045056799604
0.45421148531293953
0.43388316674916927
0.29679114238972737
0.3660886003251334
0.663538372788382
0.42185017995573937
0.4781515849339243
0.7579241796967181
0.4648396877669036
0.20433988750944893
0.4849939380701707
0.4999764248221955
0.4813179520420785
0.4501831206053555
0.33692668576833984
0.37708709899528003
0.287770601788493
0.5147351303705481
0.7363016352878418
0.7873880629267883
0.33719449194297585
0.35977773435332616
0.3208319688071648
0.4114680948549241
0.7272819394355842
0.577935181793558
0.44354018223444847
0.6290369170459174
0.4201483076564692
0.6946831776629726
0.6348204519113934
0.5497863375694529
0.697463309727077
0.46022196404148497
0.4676870990199943
0.613534243718477
0.39766568128173685
0.45053769157791257
0.35743981516958767
0.3775465029822547
0.43826933956283143
0.43280882060590564
0.4844762910381114
0.5756604915266261
0.5539568373665696
0.6159426720408187
0.37790726288895893
0.14296061289443257
0.5601986263052253
0.6565963220675506
0.5720855828736091
0.7226688189575576
0.49955033741905563
0.8235213726875593
0.7048751483540271
0.4626032747000669
0.48642852453859353
0.26454353911139816
0.5068452163348853
0.4380546491509558
0.4904207731982487
0.7275464252497401
0.5067697896057536
0.5733583271086117
0.7319984277810917
0.1532034100141323
0.6634935970517774
0.3638291120690013
0.23907737924308015
0.634418209967122
0.4439078575620149
0.3833277018599591
0.19730378884884825
0.715075429413477
0.4145986148554348
0.6718369072205426
0.6652658574149667
0.6032391935598514
0.3151417738299619
0.654465117078181
0.3502564355254635
0.6323132956716047
0.45631953505036615
0.6219146038714493
0.48445214934301395
0.613336084535054
0.3829355029084254
0.4964769885162321
0.3176548545191842
0.5632562956648666
0.43473226545404087
0.5246372242343014
0.40320583545911937
0.4198335437292261
0.6293787062538976
0.623091906430511
0.546039758804962
0.4210216923494574
0.3745599902502843
0.522221085066599
0.3277079563396196
0.43084530116435826
0.4503452097121337
0.5005067870470998
0.4269342468868872
0.5782681180955791
0.38802786730757616
0.3525422534350306
0.6004363377840574
0.5888906612365128
0.5566861931647953
0.47511242413883364
0.4493486443088556
0.5393189892900621
0.388291010149924
0.5884263546570196
0.31274690515091724
0.25853541982097233
0.49135631606743996
0.36895971703794966
0.6175523396986324
0.5016115386122961
0.7452263464038454
0.44544656200229954
0.37419688042844007
0.4701930199667223
0.3995571719022381
0.5643073869264266
0.5638177360734051
0.33493580573315096
0.2999528451439191
0.5214769626384621
0.39419092048385224
0.40701056435906907
0.4222716995058779
0.3193420432311324
0.18559937183453273
0.5278174243844191
0.5696337835753833
0.5174787345994054
0.4392451833559888
0.647186667557577
0.4257898436078746
0.5137959558103793
0.6863449247694933
0.5882835571332228
0.5110306898403125
0.2654527690063651
0.1914433089807997
0.596502478957813
0.5491840885569106
0.4510564323364579
0.44385338364631993
0.5131898314425223
0.3946448632838598
0.44952092632116775
0.3442174857094497
0.4116599856279897
0.5655774797518045
0.7880634247761242
0.45989914733477116
0.5238929135285226
0.47156785649544003
0.5622620010647856
0.513569697985695
0.3411734503456561
0.5125830468480024
0.400484440298616
0.5879997553419518
0.6190315063209451
0.5252145621910205
0.3600774874577995
0.47405282895453543
0.5875067949340673
0.4777823326178276
0.40236890584333024
0.5976496756933953
0.3941880437214545
0.6949129726534176
0.511940646657201
0.6168615531208443
0.42782023681859266
0.3024256907899177
0.39091064157164807
0.5527299668143573
0.2608462979037524
0.49850675232848246
0.6753193369695367
0.6130089820713347
0.7672393226202467
0.6640048125733654
0.7265293562322673
0.16886899193073646
0.1547384422480687
0.5224520257456673
0.5191161405633777
0.4313057989748808
0.6964224301759914
0.7114879506612368
0.3276039710185508
0.451646265300431
0.3046388800358821
0.5011187989109231
0.8103953911558588
0.5742126293736365
0.44916714167314015
0.3347625935386958
0.20696246838936305
0.3163416450718434
0.7193627530849422
0.5986599839199962
0.4568327473733867
0.3144869503360887
0.48816747599829574
0.4117986696166684
0.3312659561581626
0.3441893882775909
0.4538530904601286
0.4855764501019931
