0.6546893641145186
0.31087419754779777
0.10515819904934609
0.6027699291566129
0.554159546218981
0.6037770359962793
0.43161624181984726
0.6287607214070282
0.666796407846997
0.6823267573241861
0.35474521899176525
0.492299380391076
0.3485350199911721
0.5514480880253289
0.6768597954873848
0.48440226115655755
0.5317874308912315
0.4304566321595479
0.4038287766604415
0.2928203646559847
0.5426909079389757
0.579202865928979
0.506615859495275
0.36448359397600244
0.44549833067610917
0.41039415160662374
0.6134494974854613
0.5010778698604768
0.05886512259072532
0.43157213751977586
0.6841445357967764
0.43142414923648753
0.4974882379419352
0.44863865280053794
0.32880740107493933
0.76237137451944
0.3466251179884856
0.5476361059710622
0.506217805685666
0.11141840266614841
0.7040461198444974
0.47193167328039165
0.3794555262977677
0.3152622691617927
0.43569117301070354
0.3061912020552555
0.3230329695486709
0.5187883017171336
0.5049134232573516
0.49122761041918533
0.5549491585569996
0.37841619609535193
0.5797036389305152
0.40215539864721456
0.647095662528376
0.6935511997621098
0.503015812258141
0.3550624868682414
0.4698088780416421
0.30428898578220165
0.5089178548606667
0.3768412362453699
0.5373926815295179
0.503432695954567
0.5602153184100394
0.4342104057990433
0.4994761220752969
0.5218383706309508
0.6913284247817484
0.5986097558602563
0.613212576606684
0.32189623894545655
0.5587573701354152
0.5643921464207784
0.46463577351344565
0.7807998567461909
0.6810961465113216
0.46397117436078106
0.5381389884097896
0.7485489296813564
0.636944208808212
0.7414992241561457
0.4455016678254646
0.20409936769391
0.49196435005019246
0.4803795656219115
0.3104792911461865
0.5764114129126348
0.3624403075407522
0.46808940520961373
0.49701548702514675
0.4559225718245477
0.17594192994819152
0.39872667614598095
0.4615941753101779
0.8974068079678075
0.7419755715315253
0.4190303523837898
0.37340807307758683
0.6160061673678319
0.4228913536280615
0.2626238020933582
0.2152019604097563
0.5779432138137299
0.37733176681009417
0.548260453523217
0.700785990421068
0.43041606695989476
0.6955902644286538
0.7072915591159237
0.33053929292338957
0.27492446497495193
0.575817807779356
0.6727197641555622
0.3586656410557072
0.6026156393258542
0.43138421383391856
0.6449255745502691
0.8451729049507541
0.2627623544511306
0.5533686114079474
0.5340667748874435
0.5338945942102078
0.6064917323877848
0.5500227464569127
0.44385706151497484
0.48762651847424854
0.5747679192980918
0.150301358200281
0.4684307238540376
0.5313382063749115
0.47601894146131885
0.3953638083335844
0.3979506365361717
0.721046353376053
0.44659143692449166
0.5734436553799247
0.7122257867824551
0.4088641602059969
0.5691038008116822
0.4755446247056264
0.401207278273733
0.5012885121756104
0.6274919458802966
0.395673830998329
0.5360130222601467
0.39132803130842
0.2788690080098873
0.523775662344673
0.6833912571327012
0.545198235347786
0.5750859514847262
0.14395661804624896
0.6340207886080131
0.46392227680761405
0.49572489512497575
0.18513947173443684
0.2922797604262971
0.6552038128927493
0.5476911560914279
0.48559986788517207
0.5246171694947088
0.4318079443877858
0.09939363061503534
0.3893876294749019
0.4837358143095104
0.46437818857765517
0.6810406608306381
0.6721498416515381
0.4959161461420777
0.5685773654214314
0.40542026932949626
0.5224746724635941
0.4444900041024413
0.4910604389407234
0.6258688551316538
0.5329715873743416
0.5049919638912026
0.3589135085905306
0.5578580968188456
0.43036414766420217
0.2775880772464339
0.7450214611089083
0.6339787021995824
0.31338290553632775
0.5857187790022476
0.3994885622296316
0.46402425041255474
0.4344162364706975
0.4974193559784873
0.47358833177370174
0.5649729019615313
0.38451862960818123
0.5469828956682957
0.3207275441875505
0.408794051785519
0.21461118616379998
0.6449353727504223
0.4848548003082622
0.6440515334442161
0.5071643514132305
0.8033103437544746
0.540066406313445
0.42260850003859984
0.5960670526858414
0.5470898382935192
0.5348424478053236
0.47065960509539473
0.678258504358342
0.5209957556207545
0.5375905036648585
0.6054072110160842
0.6011227922691857
0.727003634080921
0.533592703014793
0.44343254587250064
0.4689681144050568
0.510686825983088
0.7288214264417714
0.5057372774546641
0.4251347812674593
0.5766158962209986
0.4940643493233954
0.40715480819429095
0.6178238925717018
0.33808311733132446
0.5987323759955208
0.39729692515806636
0.40644891286675067
0.7113283642445107
0.335201372002065
0.4937987792226153
0.511265711932226
0.31444467462081493
0.36942105893495203
0.3570262170034756
0.7004568547220684
0.3352416501930784
0.4959368751899213
0.7121544216374895
0.4139957690831678
0.484958415233102
0.5166573285067436
0.5340129972844916
0.6315171555119687
0.635012025019652
0.4490248254654271
0.10350313775685899
0.5659282189633525
0.40801274094740436
0.6621497920173189
0.4456276026273095
0.4104826586181488
0.5600388900370985
0.48254095294809934
0.6036721422182398
0.36609570539193237
0.3543348973156241
0.3848036137224244
0.5482763732565528
0.3370169653151447
0.4792037882395652
0.48001816521921936
0.2934555209213158
0.6568163169298817
0.43997533503689856
0.4019073489696855
0.4308367633552077
0.5966675733875761
0.4781836603772725
0.5274674213994159
0.2995423915007346
0.4088725627031903
0.583017719715009
0.5627731267625381
0.39495395063836286
0.713121412072008
0.5486585453451036
0.4362371147812952
0.5524688871820558
0.7149824203174568
0.7041780028956661
0.2479509672717272
0.4430102101851481
0.5610200412092999
0.41144821517402586
0.4394712896141021
0.5018236351416693
0.6056089673208624
0.4126474446681515
0.35157001125924026
0.5997566882125692
0.49890031644661853
0.3835171356956396
0.6631210576654221
0.4766694713136824
0.49561095317670273
0.6884098697599603
0.7288999410952017
0.5636888550469672
0.4804754392302081
0.42743216761009206
0.46257558900143436
0.6339727286286216
0.39289929227496534
0.22522435161949425
0.6077501353532141
0.624698862499987
0.49549755608537777
0.35753655611605023
0.31306959365796394
0.5667477159608139
0.3743842690116287
0.5120538970625883
0.4346812219055413
0.6933849679562882
0.43774481340930016
0.3412610681622641
0.2867495562259763
0.42661392017570227
0.760122231949186
0.5596893022836047
0.36530851199681647
0.5273245479410278
0.36968059643888784
0.558724843426408
0.607990952217335
0.4993299698999761
0.4678862617363554
0.5007188636814075
0.6693038544503852
0.2771835266549064
0.510213222927674
0.5735094063024857
0.590682102834764
0.5549590314066462
0.6301113276127428
0.47961567088049517
0.5071881109603569
0.4977854509581846
0.794863380418352
0.39675681432164556
0.5897782348231106
0.5009248106723186
0.5931195234875117
0.3474344167027437
0.4112917026786831
0.47678496795159864
0.6776071279092398
0.8167199699935437
0.31553872493535795
0.4616015601643559
0.3547454654418386
0.5762592426342446
0.4890025208213809
0.5872190138674191
0.43126367489025214
0.539954876459942
0.32831507854779945
0.2632167928095254
0.6229692270739944
0.3705724093066153
0.3561431482633081
0.4115665436836205
0.46933056797291467
0.35423385976467875
0.2638933768557084
0.5110063120343462
0.6833570455623139
0.6459819704473948
0.5130369704857671
0.5455915876328594
0.4189607267728647
0.5441153976060009
0.6123431539854203
0.4550891095847193
0.7057754217400924
0.5102571366198585
0.7008454573796734
0.4176897067106045
0.6529299676417395
0.3436343482141685
0.5132955938136465
0.4755060292288263
0.4505067742193439
0.8867912278393877
0.5325535188365291
0.48047448077068616
0.6418004643725652
0.2718468265776224
0.4111985889501653
0.5355977885767984
0.6165722509146394
0.5952526439105885
0.7991258942827699
0.368865737445315
0.3604639435025661
0.14619541072779224
0.4380594998646055
0.3418187498130442
0.5363840504904545
0.5019381500280133
0.42759250115183517
0.3200881423458522
0.5584477252999778
0.4520505352174354
0.5149741144698448
0.4766073064580482
0.8760070944147029
0.504137353955425
0.4848763036101727
0.7499561340573864
0.6689591659268936
0.5306075178916001
0.3141816406117935
0.6902951031621485
0.5563979854598036
0.3491454085286018
0.5201631644461885
0.7083057209690422
0.4643715355669045
0.31367604616312256
0.618126917894964
0.6471696086854417
0.4962747816280751
0.4664322026121792
0.4860401186770886
0.445087656874625
0.4833609116251221
0.5052365048005218
0.41733513612205725
0.5852402516069259
0.5566462630342826
0.40174114181214066
0.6456584890019021
0.4151234520190667
0.10148944667892373
0.6245883546602311
0.41488138886018183
0.509451265131966
0.44321698598856046
0.553896309558414
0.6975848266802092
0.413426597308908
0.3053224976022673
0.591375541628411
0.2915706855903127
0.1648317005872897
0.49518578817972453
0.35188037099759634
0.410647860629383
0.6618646529302665
0.4867061603010117
0.7052452054860157
0.6046125986543509
0.6698165829284033
0.6082814250003206
0.5370903530309987
0.4011237987754582
0.2805386994920673
0.35817276245971
0.5479238973745173
0.3410261436800585
0.5247772666505768
0.3715843214490558
0.5302987996814079
0.26224823889839605
0.6390685426282228
0.32998015465349767
0.316140979743337
0.5961195614618364
0.7040161969960652
0.5858360521155555
0.5184928369351169
0.37575749171888023
0.39896861655302546
0.49465913456009103
0.190852035800179
0.5707966411940824
0.5592005182161974
0.716140959670553
0.5541906797266172
0.22924998706021765
0.4380227394441765
0.7131088734872211
0.4336877340666048
0.5318129556456355
0.5843786882781399
0.7058601316167736
0.6087228214285512
0.671829691520297
0.4431476955130875
0.39948850590008006
0.5501438090658185
0.650475408678354
0.6122978643001487
0.31327163958584753
0.3341142235627553
0.5768110671971072
0.4004074488802203
0.3390668421828477
0.3746634057328199
0.7159851152395817
0.5261154416778523
0.5463825811282917
0.5880835824336856
0.5597115759937648
0.6309477811304915
0.2926364110940914
0.6440616999964908
0.5835561174498562
0.21213467025158922
0.47903007785638346
0.5807631563407005
0.6642813913306982
0.502528410804489
0.46001391569228184
0.6288671579519819
0.6302700447588012
0.37862713784463625
0.4411985934096448
0.6574601853276845
0.29931774397738503
0.6123545808647837
0.6679242080792889
0.45738681733236447
0.5293381734762899
0.6085938838823723
0.48024080919521
0.31927981693845703
0.5361851662621275
0.42087376681695593
0.484340950598038
0.5075113187628835
0.43355730584610963
0.5466115738646002
0.5450099952347509
0.46487105318708893
0.6675408059898449
0.7575759409110816
0.5340962918334189
0.5590933051180185
0.5502131740528544
0.6013668692341745
0.5076826601264868
0.34961764378224564
0.521433986067988
0.4154069740397687
0.618981412911731
0.4677107642414336
0.6035563671082853
0.3949899224012345
0.5750678834724183
0.31393677468550535
0.6235038765480578
0.5610104251790522
0.3659765425997328
0.5813547592669679
0.4728502534548831
0.3051796478720317
0.6066350680390269
0.5715109540986716
0.39625768791185395
0.6176541162387701
0.3195676644640794
0.23001863608438894
0.5024215020962817
0.7367675488479035
0.47222519633958654
0.3585383442385068
0.46029759908697804
0.47741133709902267
0.6049040054141646
0.6461779006678628
0.36464283029262723
0.3859600474821839
0.5288570290148968
0.4019475496113282
0.6025607216456634
0.2903493379339999
0.489014353608392
0.3919666366329266
0.3545865285587975
0.35858590467114226
0.5811361580515209
0.4982049334088152
0.6580714761303387
0.6195942920171125
0.5939351592594805
0.342983626688913
0.46144840090671463
0.6018475398510579
0.3832602623274337
0.2568437012560927
0.49552960044133376
0.48047271242983147
0.5467998652570453
0.30481304926251906
0.43784656496164376
0.5002979568960031
0.40125610842601706
0.5620381293573401
0.3331407563410828
0.5955734614654837
0.6629203204749923
0.25992155552284407
0.4042747175244175
0.4744457265720694
0.6099760510895597
0.2796782368306187
0.6797087488388753
0.4435602871377148
0.446266508772905
0.5700826897871563
0.5101988647183271
0.5908676518109972
0.8142682379176256
0.5761917221939113
0.8237089251849397
0.5149576202650731
0.48210110365702463
0.7034987268107774
0.6341717229109496
0.27832947724238327
0.650211728673364
0.6457650056375326
0.5625746932525872
0.5604807046532067
0.3306014187623951
0.4825914518686357
0.5365233351494956
0.373549025807824
0.49338810255174814
0.42207048812314163
0.5118885593345855
0.38541991727607033
0.3237010875296853
0.3138359848522276
0.6638963935788715
0.49118842564648185
0.4448421668165957
0.5024896004573589
0.5383489189599207
0.5428144282873236
0.5365288178271869
0.534532268142412
0.42640665777568104
0.38310779750516377
0.5216557019739225
0.3282227628144662
0.8093962204255631
0.4961982834662557
0.391257520826632
0.6022562237019631
0.3727554977094515
0.5999681540392892
0.3971404260179096
0.5225094724501245
0.49621289770398014
0.39649638930780484
0.7056048892228725
0.48963005601038556
0.27538097999933686
0.4806986729474251
0.46858150385951525
0.5307768421583273
0.5916198633786369
0.4376634973925638
0.5945094702679642
0.4507987146121526
0.6152232097966144
0.5008718656133446
0.38323256917834886
0.7461718529653659
0.4289670125280344
0.43821835539608567
0.5311370129709235
0.5408945646749213
0.5628001685056812
0.27770033433939056
0.5268782494641002
0.5742128738896102
0.3716313703530346
0.44610508177240726
0.77982716403724
0.37050646721345326
0.49980901846977516
0.5270292220734623
0.4177023426183138
0.39905687431177794
0.4055352176520659
0.38288409543623936
0.4352560278891221
0.5760982740241587
0.4538618064005413
0.2930085801277415
0.5708841458699417
0.5006762419242297
0.43588709034615347
0.47859209585459184
0.41180967370337507
0.5219106346441931
0.5358688832288135
0.3618277702994216
0.3893061673507142
0.4499090280508862
0.5438902571180032
0.5633157816900337
0.5228535547129849
0.7821904301033816
0.5515214595771317
0.29616349080803694
0.5960770564894339
0.7244437276502914
0.5520110403343113
0.6834038922886929
0.44460723255005535
0.4880516859973044
0.5294779267500695
0.2888271152074289
0.3343124386954265
0.46229702165054376
0.43352181604906564
0.5992917893163389
0.7221689695026821
0.3543559406274769
0.6803882823829897
0.471303297961221
0.5567720099752118
0.4793474856709518
0.5011941617163487
0.6919971950734503
0.6857098009562799
0.32641374965794806
0.47689839023414504
0.6174009595856464
0.9132652957967086
0.24180386502730858
0.4452149631285086
0.5690248236698114
0.3614432727841627
0.6371444255724836
0.5192425175333095
0.2894447794732144
0.1482627425389172
0.6695801330298148
0.4013454437746243
0.5245838481193552
0.5668213286110664
0.29985308514791176
0.3083184221893902
0.4407931392768768
0.41181172696152896
0.6421946152486944
0.5010490429104038
0.5467810171353659
0.4352247781984768
0.22094784005150978
0.5670902181188029
0.31081737788851216
0.32807051761499795
0.496350803182718
0.5289993617935087
0.5056237397934864
0.6178816416755804
0.363739167409571
0.516260413753223
0.4155894654043075
0.4864334835120822
0.5266494606412849
0.41344170355957893
0.41861930946510373
0.4130202708893776
0.623379458262993
0.3640243053238453
0.4756157643153211
0.4328896184201452
0.40707809867160655
0.636000257986638
0.6408359685753556
0.5603546034129455
0.5125040270037089
0.5712861804948091
0.6495447031759356
0.2898064102499334
0.6861839070521847
0.47063308359719414
0.5423789980210483
0.5198391739638619
0.6974094836829019
0.659613420675018
0.2847730641404508
0.439112501531138
0.5834134957677475
0.6495121930652551
0.6212944809728648
0.8108197785543906
0.19792560154442562
0.5831056707390072
0.7134630586169628
0.31032031589927966
0.5971853101744289
0.7312853258475487
0.4936094485091377
0.5175719774484349
0.7159270278131483
0.38567041846208416
0.6685858371434498
0.5177095033952295
0.19620559383856145
0.20690775321909088
0.5545975476482797
0.44637977929429207
0.5261712624457764
0.6398867154414192
0.5137898493022912
0.7422992042912262
0.49864160147150294
0.4952910185771362
0.45584570302184924
0.6028563353987444
0.445548205794608
0.16763993894822604
0.5084343702100772
0.25295961462235533
0.575711438374672
0.3505902344117606
0.44699980049785526
0.5927705595081991
0.3791792754216174
0.6562909514842192
0.5655339415379685
0.33034364294735574
0.4773153144218929
0.47275477052716575
0.5920402827116747
0.5398935157165214
0.21762944755769414
0.5592032251659869
0.6839075239127541
0.554697404781142
0.5465435487295187
0.5490306432360819
0.4629911627643578
0.44372914220196535
0.663095694313229
0.179293942346785
0.43304916249323244
0.7078164753238649
0.44420082552190876
0.4307315189956715
0.3042941424875845
0.5282579132606358
0.387313008720336
0.6728322293572534
0.6903813681374281
0.3208125463604396
0.8082290644850059
0.45937281324366863
0.6201808927246429
0.49757040205807496
0.4263826042887174
0.6588062797377181
0.6486963400990063
0.20115621024519875
0.6156455623398391
0.43357959313781547
0.32970659697347315
0.516065583957849
0.3772580106300684
0.6977292659473527
0.6773111197860584
0.46708575034611816
0.6254483434739208
0.4149402709933161
0.28504759099821164
0.5053369661849734
0.475027904948029
0.5495830263012973
0.48343955855817217
0.8399926002225409
0.39676183059949277
0.32970773441592516
0.5174654261892278
0.24994321952097018
0.13078788104896968
0.6356787864645304
0.5005061882755905
0.605193331234271
0.548667320197441
0.432308708018288
0.45049805285207456
0.4958002588003132
0.5857328372637733
0.4620746259124682
0.41844519115356094
0.9395295663273937
0.2212601867166114
0.4060032301901021
0.33764366058353773
0.5137616333228187
0.2926415851489062
0.4524888211267596
0.6542820739722156
0.4528364264275877
0.6133416167760268
0.7078610498815425
0.4283410425484505
0.3291968164491413
0.7178421512563579
0.3971158063572965
0.4059244223220115
0.6037954964146751
0.7528595728613311
0.6778261622492456
0.5626165004577904
0.38817713771458995
0.5137610291031045
0.7089636943779706
0.28474394227220284
0.8075423026492098
0.3302181699742068
0.4791727930104442
0.5817894935203609
0.702400177993443
0.42784845247328573
0.36032468146395225
0.6220629238909411
0.29458873173708755
0.6303972266206694
0.6848035483143751
0.7803581647673673
0.5398744160117637
0.4598959821943063
0.5894374174882048
0.43741349577463406
0.485498378502811
0.46003213090519746
0.6887722784475637
0.5028793460047695
0.44424127856564144
0.607782989761599
0.3101266677453332
0.4245441801983424
0.6289168874966538
0.6801386343202169
0.6577581799255924
0.4590262399036037
0.5177133667671302
0.3372003185447684
0.3658759826820627
0.6061282055911101
0.4337058586457192
0.40520094148042696
0.7154739674555788
0.49148521154641
0.1545271304561784
0.590523399801104
0.4869615486565745
0.5619268203949891
0.3945962525691779
0.3609216054118344
0.38102417477453504
0.402609791110638
0.3628301786752335
0.7170431928969196
0.6766412582234964
0.4390710577275514
0.459955701047809
0.2861101765486385
0.46085530157871996
0.701169821286489
0.5974102761764493
0.4306095834886382
0.5317559015633748
0.5323872999670852
0.6135868125274099
0.5959423991952864
0.5389349373955769
0.6937097344612433
0.5002384234571313
0.5151140992300078
0.5689338446267724
0.3501503995042128
0.38638257667325004
0.35538567269732574
0.35438806075891793
0.4045310687936667
0.5635338763509887
0.4529582108992426
0.6099033955722558
0.43203482040168784
0.678904823999298
0.3972163083175073
0.1334159574682899
0.5367855575169558
0.75705387735181
0.5881147666609662
0.670798327657121
0.45421587651681417
0.7747896806256142
0.7658685986026087
0.48989289794320445
0.43223946552907916
0.26663198362470153
0.5594019637235121
0.4875399677488681
0.49118595717131414
0.7253790726382431
0.5081835522318263
0.5999811681208205
0.7272458156705179
0.18769983852853966
0.6127244512902743
0.34617809867988003
0.28878905242362646
0.557343020554715
0.4483355558191342
0.40602844976060376
0.4362714814232193
0.6428293155873248
0.380972896936683
0.5653310705063004
0.6829631663006976
0.5482858741077138
0.3386913957972861
0.6871633067523666
0.3559087797549875
0.6599304262857159
0.489866341100953
0.6300212428391603
0.40179427626087044
0.5482783813572211
0.3584568020805291
0.5081038595928774
0.2862986544847749
0.433284313886693
0.4267493569448261
0.5881800414067665
0.44732646083800703
0.41431950098408754
0.7106778146688704
0.5994296759281144
0.5663134164947867
0.4888166558267361
0.41512114139861966
0.4666525425735194
0.25070804765449284
0.44239986758088656
0.47838961389488965
0.5567872536653713
0.5080892548216867
0.5461932553380092
0.3628649268858075
0.3556813491996662
0.6006073145006374
0.6590942082532556
0.45349159140369844
0.45188201819814733
0.4913942865238426
0.5578152748967721
0.4010607405159494
0.5298412122386876
0.2797439393079305
0.3248209053788023
0.40830729148220923
0.35420626752910445
0.5451029173563
0.5081542046348657
0.6866109472992326
0.4312338939731243
0.5278402610074541
0.5201206883821848
0.3548794945948749
0.44632059362469223
0.6192173511757286
0.17511833371919405
0.2953845653332822
0.42598517414634923
0.42994398070736634
0.3855160453709693
0.5983402263037058
0.3569801997704886
0.16174923322036155
0.5876973198252884
0.48126247301428315
0.48487330534777257
0.3954212847258238
0.6184896807162876
0.4331632860111084
0.4299833694046825
0.6554425430581459
0.6116145092673965
0.4892315223706587
0.3651055331300035
0.20244721519566897
0.7103354102383896
0.6077636941042712
0.5601349495107091
0.48336626487076373
0.48393381955537057
0.4454319882932388
0.48971064639413486
0.36075832238578687
0.4337379036070203
0.5273461041925553
0.8348381860356922
0.39512625968061266
0.6116879681844399
0.5010020412024254
0.6630300815356931
0.5240349990552765
0.34020888007811506
0.5775556673218797
0.43003480154682633
0.6352289382969846
0.6925344779022392
0.5854671777767744
0.4854556904703069
0.47389241691902795
0.590604015619188
0.35377823682853843
0.5042288384254046
0.5722152885027596
0.4473562324532771
0.672376784651623
0.5415539840677904
0.5096818038742177
0.4431363496118328
0.387474783328272
0.41299521018177165
0.5422306977399611
0.3155957073296904
0.5514364435536566
0.69537285574978
0.6589866001236704
0.7497030215751841
0.647912665645354
0.6760106454175868
0.2772081637856495
0.12840927649083395
0.5013086562478832
0.4750188687792609
0.36738462580984943
0.7078614241526814
0.6915414751254405
0.4055691265075946
0.507685960942672
0.34491827865937985
0.5659166826403286
0.9503116793377164
0.6315594830621947
0.4755110900469182
0.3295635080039362
0.16401252988894974
0.28282687518233296
0.6270260297817075
0.6332965923842107
0.4624751985806657
0.3624723222627002
0.5668254037110544
0.4973070590668286
0.4143369188280467
0.2788876111369084
0.5759307567960308
0.565342108998598
